5
1000
1.770641 0.620044 0.590615 0.399668 0.071899 1.000000
1.993752 2.670928 0.320239 0.391025 0.801258 0.000000
2.178440 0.689818 0.564876 0.850339 0.724691 1.000000
1.072031 1.338924 0.267036 0.395528 0.880307 1.000000
2.528013 0.559813 0.454177 0.072466 0.210323 1.000000
2.721598 2.051650 0.026515 0.723480 0.422668 0.000000
2.193783 1.784394 0.220377 0.314847 0.218864 0.000000
1.274519 2.638855 0.920430 0.729445 0.049145 0.000000
0.702244 3.514053 0.992329 0.545802 0.912633 1.000000
2.552151 2.253999 0.147766 0.379016 0.062715 0.000000
1.012650 0.481753 0.512460 0.250845 0.817346 1.000000
1.109476 1.811732 0.580282 0.186900 0.588889 0.000000
2.333085 3.575235 0.626084 0.451378 0.409797 1.000000
0.391959 2.684824 0.085392 0.320721 0.935364 1.000000
2.668732 2.623414 0.700946 0.903298 0.572442 0.000000
0.819574 3.328390 0.921842 0.049666 0.525012 1.000000
2.681052 2.528651 0.928434 0.029462 0.978759 0.000000
3.383993 2.577897 0.072327 0.498841 0.978625 1.000000
0.169223 2.314616 0.879166 0.955252 0.895074 1.000000
2.558324 2.605607 0.276074 0.107402 0.379876 0.000000
2.172536 3.476411 0.919354 0.588709 0.034474 1.000000
1.402915 2.822946 0.118870 0.253542 0.265758 1.000000
1.112086 1.511204 0.679726 0.202709 0.234303 1.000000
2.695961 1.427837 0.829964 0.142171 0.308000 0.000000
0.339583 1.746180 0.729323 0.041980 0.943832 1.000000
1.904845 2.798930 0.256237 0.214296 0.121905 0.000000
2.562484 3.074671 0.342587 0.181682 0.649489 1.000000
3.343159 2.882803 0.022847 0.560035 0.054146 1.000000
1.945647 1.913883 0.800429 0.463174 0.785137 0.000000
1.077950 0.869207 0.828871 0.536727 0.052370 1.000000
2.285498 3.341513 0.475205 0.085289 0.848368 1.000000
1.352055 0.728216 0.076154 0.714532 0.439900 1.000000
2.325526 2.891196 0.990916 0.358649 0.526755 0.000000
1.434973 1.667128 0.185922 0.331521 0.529746 0.000000
0.858360 1.602622 0.617609 0.572898 0.188727 1.000000
1.498420 1.926844 0.502864 0.200221 0.267478 0.000000
3.227866 3.357595 0.691186 0.608930 0.677129 1.000000
3.489525 2.558672 0.352205 0.508832 0.763330 1.000000
2.413151 1.035169 0.186080 0.772016 0.298087 1.000000
2.297075 0.861672 0.061505 0.828650 0.843521 1.000000
3.044603 2.213064 0.317635 0.333284 0.218499 1.000000
0.778725 2.441650 0.413589 0.288540 0.097763 1.000000
1.213173 3.257843 0.146490 0.515108 0.919947 1.000000
1.399672 2.369926 0.071934 0.449585 0.290675 0.000000
1.816717 2.872768 0.902457 0.806351 0.123305 0.000000
1.950489 2.578259 0.729566 0.637367 0.253803 0.000000
1.420599 3.801393 0.829712 0.814973 0.842030 1.000000
2.462395 1.952572 0.479108 0.279295 0.135106 0.000000
0.365756 2.691941 0.895829 0.802588 0.508213 1.000000
1.569553 2.269176 0.556893 0.956485 0.686797 0.000000
1.132343 3.357283 0.227491 0.941792 0.149610 1.000000
2.027296 1.462869 0.358743 0.807867 0.184599 0.000000
2.361639 2.714892 0.036758 0.641275 0.108389 0.000000
1.117827 2.046163 0.784076 0.302266 0.782873 0.000000
3.162959 0.427707 0.548521 0.536463 0.701011 1.000000
1.294061 2.450985 0.636745 0.148536 0.651927 0.000000
2.671728 0.564645 0.787676 0.905491 0.182071 1.000000
1.620131 0.443945 0.740267 0.624098 0.793104 1.000000
2.936009 3.371494 0.331533 0.000520 0.223636 1.000000
2.902010 1.829510 0.350088 0.976500 0.806232 0.000000
1.658831 2.928510 0.428610 0.244967 0.269732 0.000000
1.947034 2.442943 0.311613 0.903702 0.215066 0.000000
3.127731 0.703685 0.635806 0.777493 0.719970 1.000000
1.580011 1.514306 0.274654 0.163841 0.876491 0.000000
2.501270 1.562426 0.543141 0.675653 0.356204 0.000000
3.307998 1.108261 0.453338 0.779853 0.769846 1.000000
1.019877 0.580384 0.243329 0.959963 0.158081 1.000000
1.480917 0.197855 0.465407 0.400263 0.391980 1.000000
1.052945 1.730249 0.394117 0.945867 0.205761 0.000000
2.327519 1.536051 0.045064 0.399031 0.184288 0.000000
2.495902 3.456357 0.643239 0.829744 0.324607 1.000000
0.120929 1.733122 0.735050 0.353230 0.805372 1.000000
1.667127 2.493615 0.887311 0.330279 0.147360 0.000000
3.386338 1.412485 0.821215 0.885969 0.872990 1.000000
1.865484 2.339651 0.381674 0.312570 0.333135 0.000000
1.935073 2.398893 0.851679 0.557151 0.794027 0.000000
1.177928 2.085348 0.224787 0.714466 0.020829 0.000000
1.911474 2.196123 0.164628 0.522945 0.637682 0.000000
3.357475 2.636935 0.093792 0.395953 0.338795 1.000000
2.145134 1.435223 0.463899 0.731724 0.082896 0.000000
2.221026 1.379539 0.693496 0.519394 0.496548 0.000000
1.592960 2.899615 0.750235 0.693156 0.373150 0.000000
3.035780 3.493130 0.467500 0.405285 0.984803 1.000000
1.179478 1.727304 0.840592 0.303590 0.890471 0.000000
2.631788 1.594810 0.511631 0.811635 0.169730 0.000000
1.030388 2.180033 0.318654 0.401124 0.820217 0.000000
2.040408 1.540299 0.848015 0.147457 0.952191 0.000000
1.008113 3.526600 0.943861 0.863222 0.670769 1.000000
1.361000 0.449545 0.209532 0.102784 0.748213 1.000000
1.359477 1.007867 0.012764 0.290836 0.579092 1.000000
2.040739 2.784702 0.126806 0.715339 0.219658 0.000000
1.581730 0.520722 0.789396 0.371942 0.214590 1.000000
1.582739 3.789944 0.894370 0.317561 0.069808 1.000000
3.175941 0.518483 0.682821 0.928258 0.819420 1.000000
2.395000 1.688298 0.278317 0.347295 0.956164 0.000000
1.368584 2.464551 0.012637 0.583237 0.248880 0.000000
2.029445 2.342989 0.788187 0.027593 0.876532 0.000000
1.923810 2.258582 0.946294 0.019801 0.991173 0.000000
2.180297 3.071557 0.390936 0.931852 0.321100 1.000000
2.906496 0.448426 0.967619 0.847584 0.269653 1.000000
1.781688 0.967463 0.730695 0.865319 0.696587 1.000000
1.783453 3.254612 0.573354 0.480202 0.557721 1.000000
2.755311 1.540652 0.368807 0.994496 0.115853 0.000000
1.804904 1.774928 0.952746 0.159452 0.393015 0.000000
2.737182 1.803535 0.336715 0.506014 0.604623 0.000000
3.528049 2.765359 0.218149 0.312279 0.771307 1.000000
3.406749 2.046857 0.234056 0.117885 0.936331 1.000000
3.584421 2.254196 0.575501 0.741430 0.616026 1.000000
1.341571 1.351283 0.881798 0.586688 0.117885 0.000000
2.391162 0.481295 0.834921 0.543134 0.869103 1.000000
1.506050 1.165099 0.610269 0.207524 0.581091 0.000000
1.158405 2.072382 0.577469 0.633495 0.666122 0.000000
1.284398 0.716246 0.636986 0.690137 0.625921 1.000000
2.556133 2.550188 0.391660 0.867924 0.755131 0.000000
1.804473 2.386617 0.558671 0.372203 0.615836 0.000000
0.984917 0.801440 0.091341 0.053857 0.952383 1.000000
2.037104 0.124291 0.202818 0.876085 0.935583 1.000000
2.206519 2.671758 0.576316 0.039368 0.300477 0.000000
2.835613 2.462697 0.437356 0.577258 0.439206 0.000000
0.301367 2.720208 0.152468 0.062458 0.973004 1.000000
2.744830 1.337572 0.642281 0.220261 0.304200 0.000000
2.265482 1.326141 0.420180 0.585514 0.712225 0.000000
2.223911 2.070469 0.040063 0.915392 0.803845 0.000000
2.940202 1.412918 0.219810 0.079647 0.518947 1.000000
1.651602 0.215510 0.411329 0.860239 0.531083 1.000000
2.832278 2.082866 0.424091 0.928641 0.865922 0.000000
1.569099 0.304900 0.850368 0.783681 0.035476 1.000000
3.450065 2.981409 0.590336 0.846444 0.544736 1.000000
1.192348 0.375168 0.075182 0.722183 0.376193 1.000000
1.150051 1.634381 0.930997 0.241931 0.522383 0.000000
1.257986 2.680239 0.190785 0.466317 0.743058 1.000000
2.569137 1.802139 0.442173 0.110093 0.870182 0.000000
3.888394 1.960060 0.959054 0.390431 0.425011 1.000000
1.377203 0.737895 0.198227 0.653780 0.657621 1.000000
1.855765 0.883586 0.693038 0.176913 0.637541 1.000000
3.760422 1.981038 0.476540 0.686414 0.173659 1.000000
2.715537 2.278872 0.520809 0.775175 0.963732 0.000000
0.341566 1.282886 0.225383 0.473731 0.636701 1.000000
1.606766 1.846131 0.735506 0.890586 0.826524 0.000000
1.932214 1.550041 0.686363 0.494900 0.513805 0.000000
3.809531 2.572188 0.510284 0.522543 0.353530 1.000000
3.583906 2.586266 0.821118 0.225581 0.005743 1.000000
2.497495 2.403642 0.487882 0.701392 0.814489 0.000000
2.358465 3.961779 0.980355 0.498821 0.058924 1.000000
1.518679 3.671779 0.558720 0.678096 0.782425 1.000000
2.422764 0.792910 0.045247 0.962778 0.534304 1.000000
1.832243 2.764034 0.596902 0.454291 0.827594 0.000000
1.582889 3.459253 0.705090 0.028487 0.850815 1.000000
1.262168 2.416945 0.001898 0.923565 0.453973 0.000000
1.029389 2.120433 0.906231 0.908667 0.422519 0.000000
0.328993 2.795180 0.715202 0.606312 0.163460 1.000000
1.908819 2.926159 0.008715 0.638486 0.750402 0.000000
2.479572 1.175167 0.587314 0.156235 0.788775 0.000000
0.415639 2.741166 0.574269 0.215418 0.423505 1.000000
2.493575 2.867766 0.509274 0.628841 0.944546 0.000000
1.753787 0.316915 0.519075 0.936967 0.492309 1.000000
2.791352 1.779194 0.936448 0.418336 0.326485 0.000000
0.356789 1.706507 0.980944 0.465832 0.708329 1.000000
1.653715 1.177468 0.338006 0.587696 0.115290 0.000000
1.853101 2.860803 0.902346 0.009701 0.607873 0.000000
0.094898 1.638837 0.268412 0.630932 0.329181 1.000000
2.250705 2.079467 0.981853 0.858225 0.336005 0.000000
1.180889 1.742864 0.054125 0.927387 0.272357 0.000000
2.693982 3.758539 0.933924 0.867306 0.636915 1.000000
2.322660 1.227432 0.889577 0.874471 0.530904 0.000000
1.671453 2.382080 0.256733 0.906514 0.977795 0.000000
2.290218 1.130391 0.232818 0.705093 0.587166 0.000000
1.966078 3.092183 0.160646 0.815451 0.747792 1.000000
1.389522 2.355412 0.564350 0.309041 0.526560 0.000000
2.958339 1.527404 0.115955 0.302475 0.732530 1.000000
3.011132 2.221314 0.049269 0.275754 0.729248 1.000000
2.829835 1.754209 0.075480 0.534438 0.811729 0.000000
2.478906 1.930160 0.594225 0.660507 0.741304 0.000000
0.025197 1.863232 0.020196 0.263857 0.392164 1.000000
0.604260 1.919003 0.802198 0.040670 0.948528 1.000000
2.154850 1.289102 0.896029 0.654173 0.123257 0.000000
3.593666 0.915912 0.944578 0.649248 0.573581 1.000000
1.565752 1.019287 0.827971 0.883189 0.760946 1.000000
2.215296 1.055058 0.179803 0.248062 0.445582 0.000000
3.769805 1.778194 0.555044 0.712149 0.304843 1.000000
0.851799 1.472248 0.444721 0.987913 0.065645 1.000000
2.584976 1.823443 0.650857 0.466557 0.789975 0.000000
1.517194 1.444351 0.258234 0.560832 0.780334 0.000000
2.424889 1.695202 0.550842 0.637039 0.249950 0.000000
2.443910 3.739234 0.864290 0.912905 0.852257 1.000000
2.594757 1.361232 0.533530 0.535725 0.858061 0.000000
3.171144 0.464168 0.295061 0.166391 0.094993 1.000000
2.404305 1.450385 0.953416 0.931400 0.418597 0.000000
0.646508 2.194083 0.076558 0.070729 0.909116 1.000000
2.196530 3.567748 0.056405 0.246415 0.034933 1.000000
1.557168 1.166491 0.116375 0.517447 0.944081 0.000000
2.823310 1.652276 0.223995 0.692364 0.447269 0.000000
1.455875 0.855781 0.698858 0.519980 0.418396 1.000000
2.544683 2.666407 0.301022 0.854818 0.845380 0.000000
2.637289 3.828747 0.001075 0.682694 0.350976 1.000000
1.717327 1.462367 0.737823 0.066734 0.050625 0.000000
0.645184 1.048116 0.604065 0.477519 0.990478 1.000000
1.631475 2.758540 0.328829 0.861659 0.607814 0.000000
2.820355 0.345863 0.407593 0.347285 0.370081 1.000000
2.346407 1.123888 0.702191 0.092040 0.885909 0.000000
2.233260 2.862093 0.783093 0.203964 0.717206 0.000000
0.968418 2.713284 0.762955 0.806054 0.536350 1.000000
2.348618 1.153032 0.291519 0.344963 0.999503 0.000000
1.211187 2.511846 0.048598 0.125533 0.164291 0.000000
0.894542 2.752379 0.846584 0.353121 0.568425 1.000000
1.591247 0.669426 0.826999 0.277065 0.103910 1.000000
1.571311 1.668571 0.966077 0.986704 0.041161 0.000000
1.649643 1.767681 0.740342 0.459846 0.975773 0.000000
0.799607 0.436009 0.708494 0.429661 0.374662 1.000000
2.440586 1.743008 0.919487 0.663408 0.514168 0.000000
1.597114 2.319296 0.674187 0.801435 0.483462 0.000000
2.512951 1.430852 0.253870 0.546030 0.017091 0.000000
2.434490 1.949880 0.302110 0.897414 0.333599 0.000000
2.553389 2.862024 0.708524 0.395685 0.947486 1.000000
2.511300 2.094593 0.832373 0.574797 0.824274 0.000000
1.990685 2.267420 0.167094 0.858194 0.427372 0.000000
2.593811 2.764933 0.851046 0.393275 0.408996 0.000000
2.623709 1.414836 0.426057 0.087125 0.117732 0.000000
1.206360 3.320017 0.556382 0.197670 0.036477 1.000000
2.219234 3.593102 0.270844 0.987637 0.497355 1.000000
2.802855 1.523344 0.319975 0.061565 0.561097 0.000000
2.493013 1.705813 0.583491 0.670547 0.685291 0.000000
2.565902 0.728558 0.543449 0.361056 0.022088 1.000000
0.905947 3.284474 0.830004 0.930530 0.376613 1.000000
2.292733 2.101331 0.535354 0.198655 0.529956 0.000000
3.246104 1.668474 0.299452 0.437606 0.003162 1.000000
1.648221 2.897706 0.657296 0.664143 0.981885 0.000000
1.525388 1.097114 0.400618 0.684461 0.717303 1.000000
2.539016 2.716907 0.480031 0.417608 0.875043 0.000000
1.146662 2.976232 0.549614 0.887722 0.555901 1.000000
2.897166 3.629355 0.520813 0.063503 0.670126 1.000000
2.758483 0.459384 0.219553 0.641476 0.182139 1.000000
2.354836 0.137897 0.992982 0.907394 0.882012 1.000000
1.568657 0.239011 0.842538 0.788882 0.799166 1.000000
2.639016 2.279312 0.671242 0.102414 0.352968 0.000000
2.994807 3.213721 0.043676 0.600737 0.447651 1.000000
1.350762 1.526073 0.767041 0.411081 0.629781 0.000000
2.673595 2.107487 0.759771 0.886194 0.233482 0.000000
1.602343 2.138946 0.635217 0.255030 0.582455 0.000000
1.473867 2.511403 0.400559 0.335051 0.848228 0.000000
1.762757 1.142495 0.990834 0.113366 0.040232 0.000000
2.831610 0.551912 0.598625 0.075342 0.680052 1.000000
2.637486 3.755938 0.631953 0.427323 0.872074 1.000000
1.630587 2.598379 0.752311 0.549881 0.589227 0.000000
1.257806 2.364297 0.949982 0.530804 0.134597 0.000000
1.313339 0.628973 0.318713 0.727517 0.206027 1.000000
2.439702 0.706609 0.924214 0.445483 0.977929 1.000000
3.261803 2.991169 0.638657 0.472013 0.369458 1.000000
2.138695 1.919821 0.348032 0.297134 0.716828 0.000000
3.362291 2.685645 0.264729 0.608388 0.041527 1.000000
2.329281 2.375616 0.720439 0.408969 0.445935 0.000000
1.264913 0.499001 0.803730 0.248254 0.932640 1.000000
1.843583 1.042651 0.588129 0.388840 0.308011 0.000000
1.111696 2.759376 0.131333 0.570904 0.658725 1.000000
2.561807 2.668688 0.772410 0.192720 0.331181 0.000000
1.577155 2.448912 0.825390 0.540022 0.431101 0.000000
2.262926 1.624064 0.850705 0.062947 0.356583 0.000000
1.984896 1.411120 0.709490 0.271677 0.051060 0.000000
2.813829 1.892084 0.974330 0.159144 0.736092 0.000000
1.757147 1.923704 0.122172 0.155143 0.318587 0.000000
1.629946 1.430803 0.503609 0.714775 0.944023 0.000000
1.675023 1.435952 0.388767 0.147248 0.121399 0.000000
3.199796 3.430385 0.441293 0.180733 0.491916 1.000000
2.372367 1.412648 0.234272 0.498715 0.229947 0.000000
3.709135 1.216452 0.704309 0.656237 0.276690 1.000000
1.036531 3.172116 0.415995 0.833166 0.199902 1.000000
1.175165 1.883710 0.581912 0.291307 0.343130 0.000000
1.395601 1.442252 0.379958 0.920133 0.114064 0.000000
0.594008 2.762277 0.932871 0.405942 0.252028 1.000000
2.191868 3.608789 0.375389 0.764444 0.940158 1.000000
0.528421 0.974726 0.630034 0.876876 0.928670 1.000000
1.259515 0.774470 0.108889 0.103340 0.728270 1.000000
1.014170 1.063033 0.633775 0.846162 0.800813 1.000000
0.611466 2.356287 0.824530 0.665518 0.965811 1.000000
2.136840 2.665744 0.357461 0.475798 0.717188 0.000000
1.361737 3.618090 0.690667 0.548046 0.144260 1.000000
2.336657 1.011913 0.878861 0.713284 0.042306 1.000000
2.574184 1.905284 0.507781 0.601491 0.795539 0.000000
1.774929 1.874648 0.457501 0.408115 0.025615 0.000000
0.414945 3.028285 0.722239 0.856869 0.678326 1.000000
0.759745 2.709690 0.714665 0.834011 0.382453 1.000000
3.722119 1.506453 0.132253 0.314373 0.273257 1.000000
1.863117 1.640990 0.375385 0.653479 0.560618 0.000000
2.741062 0.463150 0.604434 0.997887 0.605691 1.000000
1.381652 0.454544 0.200899 0.902249 0.771041 1.000000
1.820828 1.825768 0.546410 0.007050 0.997331 0.000000
3.393001 1.417156 0.828179 0.654006 0.018862 1.000000
2.102839 2.709894 0.632552 0.234503 0.597537 0.000000
1.502831 2.435148 0.304117 0.714221 0.042395 0.000000
2.794569 0.727383 0.839686 0.286665 0.744058 1.000000
2.905205 0.803595 0.417340 0.164584 0.121398 1.000000
2.320315 1.775982 0.939549 0.620455 0.784305 0.000000
2.488637 3.018495 0.917945 0.259818 0.230446 1.000000
2.692602 1.799871 0.998945 0.627308 0.456195 0.000000
2.338758 0.232957 0.464192 0.832288 0.558692 1.000000
1.391696 2.195172 0.370573 0.166704 0.118038 0.000000
0.384242 2.828578 0.802432 0.120558 0.491520 1.000000
1.195285 2.371993 0.521355 0.890415 0.004795 0.000000
2.242174 2.617124 0.500944 0.811716 0.523386 0.000000
2.189413 3.760511 0.593250 0.783232 0.470547 1.000000
1.385896 1.941806 0.562343 0.518644 0.670348 0.000000
1.449073 0.262861 0.131982 0.327284 0.523266 1.000000
2.171650 1.072344 0.558845 0.472645 0.731962 0.000000
3.748171 1.198188 0.038502 0.007614 0.586309 1.000000
2.615278 2.611224 0.323788 0.262650 0.315469 0.000000
2.633455 3.114773 0.273789 0.703258 0.436286 1.000000
3.352125 1.702837 0.435559 0.687256 0.946111 1.000000
2.758806 1.591502 0.457065 0.774783 0.554928 0.000000
0.961097 2.710909 0.355150 0.950348 0.301590 1.000000
1.668572 2.322064 0.814280 0.233146 0.070235 0.000000
2.718904 0.810837 0.651484 0.885150 0.544610 1.000000
0.632428 1.173883 0.399224 0.515873 0.592507 1.000000
3.318848 3.259892 0.659322 0.957187 0.658364 1.000000
1.919429 2.777473 0.639810 0.925824 0.968258 0.000000
3.356827 1.100847 0.821437 0.825936 0.145238 1.000000
0.700647 1.728678 0.210349 0.015495 0.533419 1.000000
3.208372 2.918774 0.945623 0.137383 0.626748 1.000000
1.931288 1.541313 0.393630 0.580955 0.516583 0.000000
1.308895 1.535337 0.325462 0.236881 0.719510 0.000000
1.901140 2.252965 0.221977 0.149373 0.286996 0.000000
1.613489 2.361407 0.718743 0.733855 0.441846 0.000000
1.685636 1.807607 0.764157 0.861111 0.384929 0.000000
1.968729 1.296294 0.266465 0.663394 0.279875 0.000000
0.208795 1.619634 0.593313 0.486922 0.488071 1.000000
2.970400 3.286821 0.673495 0.939635 0.291180 1.000000
1.384429 2.114881 0.099071 0.897534 0.599957 0.000000
2.737843 2.869211 0.898364 0.145831 0.024290 1.000000
2.535230 1.141195 0.633808 0.285299 0.178185 1.000000
1.548825 2.022562 0.372609 0.682054 0.415497 0.000000
1.763552 0.723659 0.773046 0.997691 0.708397 1.000000
1.678841 1.618059 0.479842 0.850166 0.066327 0.000000
2.518118 1.491296 0.623771 0.731031 0.080467 0.000000
2.192183 0.577039 0.728208 0.957453 0.266720 1.000000
3.611769 1.603468 0.693604 0.426238 0.064589 1.000000
0.584995 1.450498 0.356946 0.658158 0.294702 1.000000
3.825869 2.231906 0.776586 0.019262 0.276272 1.000000
1.444584 1.394728 0.450254 0.508691 0.723069 0.000000
2.202545 1.903335 0.977203 0.020686 0.360311 0.000000
3.150705 3.621965 0.708909 0.710660 0.908271 1.000000
1.520203 0.236887 0.981652 0.900315 0.144611 1.000000
3.314601 3.374085 0.172556 0.058954 0.563995 1.000000
1.739756 1.842878 0.277359 0.697771 0.819628 0.000000
2.893927 1.108183 0.523674 0.407889 0.397812 1.000000
2.925337 2.278682 0.423130 0.735883 0.940219 0.000000
1.510828 2.144325 0.923360 0.062410 0.250053 0.000000
1.269391 2.207649 0.190221 0.245431 0.079651 0.000000
0.438988 1.212265 0.643580 0.539803 0.255452 1.000000
1.643844 1.334493 0.273975 0.668456 0.840781 0.000000
1.331463 0.691601 0.841867 0.091852 0.728518 1.000000
2.529062 1.330014 0.708626 0.985808 0.511881 0.000000
1.999627 2.576347 0.257549 0.934663 0.648107 0.000000
2.852033 0.617804 0.696264 0.722626 0.643813 1.000000
2.712909 2.766634 0.189343 0.660636 0.739712 1.000000
2.350845 1.340463 0.295311 0.320085 0.512320 0.000000
2.273701 3.898142 0.046256 0.221878 0.567111 1.000000
1.889978 2.473375 0.436517 0.032922 0.110442 0.000000
2.838514 2.028709 0.311169 0.206005 0.605572 0.000000
1.564731 1.696760 0.509898 0.467322 0.833757 0.000000
2.105486 1.449808 0.497634 0.755161 0.442047 0.000000
1.835284 1.629745 0.742468 0.072045 0.071350 0.000000
3.282474 1.978895 0.129547 0.835818 0.294646 1.000000
2.992727 0.339945 0.675679 0.388440 0.095935 1.000000
3.851111 2.137214 0.246358 0.273190 0.329001 1.000000
2.580111 2.794388 0.715786 0.592761 0.294336 0.000000
1.933451 1.033914 0.664227 0.919092 0.006308 0.000000
1.056441 2.348706 0.311734 0.599299 0.625570 1.000000
1.930717 1.816096 0.260844 0.595782 0.971730 0.000000
3.193104 1.448537 0.478051 0.848471 0.904265 1.000000
2.440738 1.301486 0.575736 0.551106 0.138740 0.000000
1.961261 0.865515 0.754422 0.747753 0.886256 1.000000
2.320576 3.668923 0.942607 0.103736 0.757071 1.000000
0.549531 2.506993 0.112107 0.267093 0.763624 1.000000
2.242640 1.233639 0.556096 0.533717 0.266873 0.000000
1.068145 1.582112 0.717647 0.549099 0.631246 1.000000
2.368822 2.686626 0.602099 0.574812 0.413691 0.000000
1.750472 2.011642 0.310804 0.527451 0.953680 0.000000
0.991873 2.138924 0.763667 0.739584 0.866306 1.000000
1.312069 1.731773 0.210216 0.763445 0.028396 0.000000
0.306564 2.433386 0.205545 0.416327 0.962365 1.000000
1.485205 2.503555 0.575768 0.111722 0.193226 0.000000
1.974578 3.808827 0.206734 0.885177 0.089197 1.000000
3.448968 0.938433 0.839369 0.659234 0.090582 1.000000
1.938963 2.733225 0.775124 0.297654 0.929621 0.000000
1.949106 1.764387 0.491242 0.216575 0.808296 0.000000
3.528944 2.272871 0.254969 0.145096 0.379670 1.000000
1.529693 1.401965 0.144064 0.860388 0.761421 0.000000
2.502355 2.688087 0.372287 0.905169 0.165949 0.000000
1.619863 1.395149 0.123261 0.383189 0.587586 0.000000
0.978038 2.490643 0.764359 0.485437 0.658784 1.000000
2.632522 2.084963 0.590572 0.813579 0.433829 0.000000
1.687618 1.358104 0.118258 0.223802 0.565389 0.000000
2.669783 3.427287 0.462439 0.588011 0.292901 1.000000
3.226430 2.701599 0.428149 0.341352 0.091702 1.000000
1.275667 1.884669 0.081128 0.847710 0.290203 0.000000
1.477832 3.298118 0.100075 0.787955 0.825031 1.000000
3.488295 2.589006 0.625664 0.740430 0.944926 1.000000
1.861140 1.213665 0.353688 0.152568 0.936638 0.000000
0.490391 1.778884 0.824529 0.743106 0.686723 1.000000
2.953286 1.049575 0.370772 0.233935 0.996002 1.000000
1.937768 1.626422 0.709813 0.843557 0.713974 0.000000
3.116181 2.821838 0.263481 0.635390 0.594755 1.000000
1.657774 2.305153 0.946011 0.925248 0.468240 0.000000
2.835552 3.325816 0.765289 0.077998 0.622142 1.000000
1.370037 1.254171 0.353874 0.015063 0.040846 0.000000
0.895585 3.595831 0.069945 0.096842 0.497124 1.000000
1.059193 1.900805 0.478188 0.923918 0.757353 0.000000
2.771754 2.272059 0.902242 0.114891 0.233095 0.000000
2.195886 2.099797 0.555456 0.902236 0.971018 0.000000
0.797066 1.479674 0.488575 0.311201 0.353441 1.000000
2.116178 1.699506 0.902890 0.291400 0.251768 0.000000
2.749026 3.784444 0.327131 0.585018 0.302547 1.000000
0.362327 1.237282 0.323045 0.273016 0.022582 1.000000
0.643759 1.817531 0.788886 0.099842 0.970747 1.000000
1.273254 1.869106 0.841014 0.592768 0.899628 0.000000
0.257717 1.891433 0.881650 0.525249 0.452266 1.000000
2.983160 3.696309 0.358633 0.299794 0.128196 1.000000
3.775328 1.783984 0.902182 0.195834 0.023725 1.000000
2.055874 1.974915 0.035402 0.175692 0.259709 0.000000
1.499655 2.371355 0.094297 0.437364 0.424076 0.000000
1.068372 3.054496 0.581898 0.022671 0.073206 1.000000
2.788096 2.786702 0.779045 0.705459 0.247408 1.000000
2.606900 1.308482 0.459797 0.343311 0.761077 0.000000
0.529010 1.257490 0.891937 0.616767 0.441994 1.000000
1.790503 1.035955 0.255652 0.263509 0.427861 0.000000
3.360977 1.609928 0.665751 0.704059 0.141929 1.000000
1.689993 3.130408 0.032280 0.105449 0.463941 1.000000
3.132641 1.413137 0.629384 0.380523 0.450610 1.000000
1.761426 2.883473 0.431511 0.414083 0.187175 0.000000
1.444865 2.492378 0.212984 0.503435 0.999651 0.000000
1.725834 0.463820 0.282178 0.678190 0.741351 1.000000
2.637329 1.250806 0.624019 0.999701 0.889521 0.000000
1.442463 2.129711 0.432495 0.696821 0.085643 0.000000
1.381269 3.304547 0.643047 0.508962 0.872352 1.000000
1.873400 0.989903 0.165615 0.798292 0.355337 1.000000
2.112501 1.490216 0.181719 0.680466 0.773438 0.000000
1.630518 2.107808 0.124142 0.650969 0.812195 0.000000
3.679788 1.004642 0.794884 0.721098 0.489403 1.000000
0.525331 2.283615 0.516170 0.882236 0.568218 1.000000
3.051821 3.224215 0.728050 0.387630 0.470201 1.000000
2.405014 1.514451 0.898619 0.047491 0.277109 0.000000
2.348383 1.837545 0.904750 0.890011 0.223848 0.000000
2.450166 1.411328 0.953571 0.724287 0.879672 0.000000
2.905845 1.729114 0.075000 0.780155 0.630993 0.000000
1.924162 2.498739 0.821517 0.747547 0.411213 0.000000
0.936737 3.593610 0.587927 0.530248 0.869802 1.000000
2.403774 1.128558 0.322833 0.238832 0.544214 0.000000
1.095158 2.813031 0.707145 0.440888 0.180915 1.000000
2.708517 0.570854 0.526913 0.977390 0.725866 1.000000
1.906665 2.997491 0.504201 0.682904 0.906730 1.000000
1.760617 1.209032 0.480751 0.761833 0.357700 0.000000
0.254010 2.680504 0.811526 0.417118 0.529771 1.000000
0.744319 3.088065 0.350314 0.857485 0.052785 1.000000
3.249757 1.861628 0.331547 0.518054 0.834861 1.000000
0.580953 2.529234 0.691525 0.025746 0.684448 1.000000
0.551629 2.399908 0.706892 0.779705 0.687634 1.000000
2.696546 0.628257 0.479951 0.533605 0.329489 1.000000
3.277654 2.863641 0.248061 0.273080 0.280384 1.000000
0.306789 2.873034 0.509276 0.031073 0.431459 1.000000
3.029211 2.310559 0.260866 0.071102 0.463559 1.000000
1.092319 1.121537 0.729301 0.271740 0.015310 1.000000
2.074835 2.694967 0.623124 0.597158 0.729828 0.000000
1.727208 1.653317 0.735124 0.111867 0.348685 0.000000
1.582564 2.018980 0.269504 0.560933 0.317202 0.000000
2.113209 1.374002 0.624883 0.065233 0.088134 0.000000
2.660329 3.797305 0.598179 0.673808 0.371657 1.000000
3.892015 1.586194 0.236144 0.742219 0.246070 1.000000
2.820658 2.035662 0.338879 0.024943 0.198900 0.000000
0.585962 2.060430 0.133643 0.588555 0.955574 1.000000
1.105844 2.232979 0.462481 0.323319 0.858000 0.000000
0.387367 1.988498 0.129621 0.768238 0.653416 1.000000
2.650142 1.419331 0.763383 0.656404 0.011880 0.000000
2.995018 1.862916 0.776881 0.642828 0.026200 1.000000
2.125196 1.473794 0.593451 0.791836 0.367296 0.000000
2.079466 2.917470 0.730493 0.567975 0.547544 0.000000
1.982171 0.763142 0.571375 0.835378 0.445863 1.000000
1.530450 1.044959 0.793029 0.232002 0.950281 1.000000
1.712560 1.754983 0.855708 0.766474 0.784087 0.000000
2.973518 1.832245 0.655471 0.764706 0.202382 0.000000
2.914072 2.649325 0.109879 0.913652 0.407929 1.000000
2.301123 1.233244 0.492134 0.934390 0.096505 0.000000
3.031971 3.013877 0.179840 0.541350 0.337709 1.000000
1.360305 1.997620 0.243843 0.559118 0.772217 0.000000
2.869454 2.060391 0.819433 0.084739 0.087164 0.000000
2.389182 0.870229 0.601995 0.337057 0.620317 1.000000
3.378857 2.392717 0.838287 0.935932 0.420825 1.000000
0.679878 3.409925 0.908248 0.962170 0.259797 1.000000
1.949703 1.073231 0.125189 0.407265 0.704169 0.000000
1.978869 2.017318 0.952442 0.340795 0.931283 0.000000
2.818648 1.861365 0.889303 0.578509 0.424074 0.000000
2.013225 2.201190 0.167228 0.549486 0.313351 0.000000
3.683997 2.018920 0.441595 0.914754 0.993421 1.000000
1.157874 1.652527 0.646593 0.036112 0.036349 0.000000
0.937211 1.687141 0.172454 0.082248 0.698795 1.000000
3.046235 2.481453 0.300042 0.173895 0.414689 1.000000
3.070736 3.636987 0.858051 0.106455 0.052285 1.000000
0.985433 1.092762 0.840573 0.671411 0.547353 1.000000
1.490529 3.410760 0.400656 0.278460 0.272388 1.000000
2.046934 2.559734 0.357744 0.059903 0.614356 0.000000
0.325954 2.873383 0.513919 0.553222 0.134291 1.000000
1.404719 1.433046 0.381587 0.400040 0.175745 0.000000
1.826302 1.775882 0.630358 0.288702 0.196380 0.000000
2.774865 0.225620 0.739567 0.950941 0.526364 1.000000
1.227199 2.319985 0.389804 0.534936 0.070581 0.000000
2.332649 1.743447 0.096833 0.871034 0.207979 0.000000
3.285746 3.303744 0.621532 0.370708 0.008125 1.000000
3.272206 1.365668 0.246229 0.200360 0.345317 1.000000
0.807495 2.626823 0.426797 0.614507 0.975455 1.000000
3.403262 0.719362 0.145911 0.339869 0.251967 1.000000
1.011383 2.244429 0.108538 0.615073 0.424788 1.000000
3.790109 2.374831 0.715910 0.051020 0.483868 1.000000
1.549749 1.214010 0.053083 0.767715 0.173717 0.000000
2.079144 0.992242 0.093792 0.568506 0.499966 1.000000
1.912911 2.233921 0.734337 0.124073 0.812035 0.000000
3.697521 1.884499 0.054740 0.776950 0.712879 1.000000
1.579681 1.735978 0.933612 0.123910 0.027428 0.000000
1.381766 3.841767 0.040491 0.841986 0.723046 1.000000
2.996620 0.557748 0.077913 0.953654 0.202817 1.000000
1.796835 2.654589 0.692590 0.901834 0.410722 0.000000
3.336046 1.529811 0.940154 0.616244 0.617433 1.000000
2.176899 2.414366 0.354321 0.267566 0.717400 0.000000
0.984279 0.351048 0.709438 0.891426 0.716343 1.000000
1.162826 0.955353 0.338014 0.182054 0.462241 1.000000
2.725305 2.573675 0.159581 0.786207 0.137957 0.000000
0.542174 1.199097 0.933478 0.673092 0.793085 1.000000
1.941486 2.183237 0.111169 0.283360 0.262112 0.000000
2.287747 2.885276 0.124092 0.400387 0.981633 0.000000
1.414930 1.276460 0.403163 0.910221 0.355141 0.000000
3.693606 1.196712 0.645496 0.706290 0.109747 1.000000
1.673583 3.079567 0.171606 0.168444 0.242525 1.000000
0.125473 2.296221 0.071672 0.619325 0.754631 1.000000
1.364480 1.806083 0.763406 0.376797 0.815424 0.000000
2.596280 2.034663 0.091429 0.968720 0.766943 0.000000
2.382545 2.364055 0.792213 0.061837 0.079449 0.000000
1.299309 2.236858 0.456827 0.170611 0.683940 0.000000
1.401361 3.057437 0.893809 0.242338 0.188481 1.000000
1.333137 0.873997 0.339132 0.002061 0.899512 1.000000
3.488647 0.677699 0.756428 0.465260 0.800242 1.000000
1.551647 1.983026 0.832653 0.395229 0.552397 0.000000
1.169413 1.604808 0.696798 0.951786 0.667212 0.000000
1.072686 3.698364 0.992395 0.345890 0.081426 1.000000
1.766100 3.107523 0.802927 0.015370 0.570069 1.000000
0.438622 2.375609 0.632003 0.139953 0.968976 1.000000
2.433361 1.701737 0.506338 0.460488 0.911174 0.000000
2.536141 2.543495 0.162062 0.885285 0.271219 0.000000
1.053923 2.541561 0.021059 0.301462 0.514803 1.000000
0.989631 3.284861 0.912814 0.156210 0.011048 1.000000
1.871600 3.914618 0.070086 0.597791 0.120324 1.000000
0.779153 1.009496 0.745790 0.924077 0.950787 1.000000
0.565400 2.350709 0.238085 0.821411 0.736262 1.000000
2.500066 1.553303 0.443430 0.094391 0.048718 0.000000
2.280378 1.843284 0.770496 0.528763 0.623853 0.000000
2.680776 3.765029 0.772559 0.939461 0.012231 1.000000
3.401357 2.898764 0.723056 0.070306 0.481697 1.000000
2.018143 2.382632 0.324319 0.677080 0.126173 0.000000
1.889607 2.959282 0.163911 0.862776 0.334924 0.000000
2.824828 1.945510 0.562766 0.912394 0.601178 0.000000
0.667855 2.251345 0.787272 0.630769 0.406584 1.000000
2.025886 0.782629 0.178332 0.491828 0.377420 1.000000
1.187674 2.110506 0.072691 0.573708 0.504702 0.000000
2.386328 1.939550 0.718756 0.070925 0.150685 0.000000
3.312715 2.616023 0.982106 0.477758 0.698111 1.000000
2.273191 1.577486 0.027403 0.134006 0.114627 0.000000
2.505622 3.438558 0.687424 0.247848 0.397657 1.000000
1.814841 1.204795 0.526956 0.002036 0.005980 0.000000
2.211041 2.471427 0.944093 0.694289 0.065908 0.000000
1.681765 2.342224 0.292579 0.975507 0.095205 0.000000
2.387926 1.200436 0.639361 0.062391 0.248339 0.000000
3.313181 0.734209 0.370229 0.049464 0.064759 1.000000
1.185687 1.657190 0.232505 0.044987 0.889207 0.000000
2.420746 1.094398 0.098056 0.701829 0.483269 0.000000
2.554507 1.681886 0.064584 0.475789 0.813116 0.000000
1.536961 2.007301 0.078615 0.402080 0.113635 0.000000
1.176045 2.093841 0.791005 0.024747 0.730539 0.000000
3.072953 2.613665 0.771227 0.675685 0.691600 1.000000
0.851830 3.083427 0.964624 0.442660 0.155011 1.000000
2.455612 2.118855 0.124198 0.846339 0.905636 0.000000
2.975798 0.409824 0.640621 0.768668 0.350507 1.000000
1.791382 2.794952 0.413890 0.985907 0.924645 0.000000
2.809761 0.311652 0.135576 0.195809 0.945974 1.000000
1.844473 1.820102 0.626662 0.257837 0.024545 0.000000
1.329274 1.955266 0.041531 0.968863 0.051789 0.000000
1.348673 0.794413 0.913189 0.517673 0.956203 1.000000
2.027495 1.007602 0.353261 0.577723 0.457292 0.000000
0.491798 1.475435 0.649564 0.739891 0.196118 1.000000
3.608996 3.084163 0.671359 0.158107 0.293471 1.000000
1.832682 1.349611 0.130510 0.804639 0.270941 0.000000
1.967663 3.233039 0.727548 0.590721 0.603838 1.000000
1.203373 2.460652 0.122439 0.885521 0.164103 0.000000
0.815745 1.467243 0.046471 0.860342 0.041481 1.000000
0.116558 1.377591 0.781933 0.175921 0.639961 1.000000
2.528122 1.873995 0.178503 0.268123 0.715045 0.000000
3.803763 2.105455 0.643404 0.956542 0.779400 1.000000
1.382534 1.959519 0.183994 0.709376 0.820536 0.000000
1.445346 1.656859 0.143137 0.751057 0.661713 0.000000
1.128863 2.525547 0.312473 0.025254 0.828838 1.000000
2.842640 3.633085 0.033530 0.465308 0.358710 1.000000
1.700004 3.893437 0.268172 0.924591 0.667446 1.000000
1.910075 3.961912 0.203936 0.366811 0.396439 1.000000
0.943745 2.353743 0.362845 0.997146 0.548447 1.000000
2.767298 0.893285 0.974535 0.552298 0.375583 1.000000
2.285499 1.073099 0.137187 0.844995 0.070436 0.000000
1.914983 2.439294 0.540226 0.447747 0.629869 0.000000
2.271412 1.171323 0.870511 0.749729 0.240934 0.000000
3.384367 2.003194 0.010128 0.380648 0.655449 1.000000
2.889446 2.047110 0.267022 0.149062 0.826302 0.000000
2.169207 2.162573 0.005388 0.680246 0.928234 0.000000
1.527823 1.886524 0.606701 0.587879 0.083606 0.000000
1.371196 2.324348 0.979540 0.470806 0.956025 0.000000
0.505783 2.756093 0.281440 0.268662 0.710761 1.000000
2.629472 2.553053 0.338844 0.606593 0.139074 0.000000
1.721123 1.514106 0.543330 0.402279 0.273153 0.000000
1.266513 1.875182 0.884863 0.233973 0.065124 0.000000
0.632760 3.106225 0.345413 0.113636 0.726301 1.000000
0.164649 1.370970 0.355028 0.552491 0.667932 1.000000
1.849293 2.569584 0.898322 0.021684 0.020259 0.000000
0.750297 0.690627 0.026710 0.900478 0.987726 1.000000
1.333851 1.846729 0.337728 0.213875 0.309196 0.000000
1.799485 2.759200 0.591994 0.645024 0.799631 0.000000
2.300132 1.662436 0.388515 0.004059 0.160627 0.000000
1.128712 2.712758 0.831100 0.922748 0.933822 1.000000
2.542914 1.554654 0.353819 0.656687 0.028111 0.000000
0.244601 2.744534 0.586476 0.143942 0.569332 1.000000
3.550887 2.223606 0.668520 0.442244 0.395722 1.000000
2.136210 1.664993 0.332310 0.461475 0.856602 0.000000
2.952022 1.705622 0.568996 0.303677 0.656881 0.000000
1.823998 2.217400 0.633713 0.750988 0.744420 0.000000
0.268698 1.687063 0.898958 0.188748 0.012916 1.000000
2.158565 2.125877 0.026964 0.005790 0.890136 0.000000
1.440092 1.252825 0.432427 0.174473 0.200603 0.000000
0.820356 3.127118 0.213945 0.867435 0.902076 1.000000
1.258484 2.481257 0.859420 0.886208 0.993365 0.000000
0.695581 1.658755 0.409551 0.240036 0.472028 1.000000
1.768955 1.297485 0.894785 0.252584 0.251896 0.000000
2.080764 1.016531 0.462441 0.721815 0.163104 0.000000
2.413605 1.351825 0.041956 0.006857 0.614824 0.000000
2.596101 2.821824 0.720701 0.539475 0.262261 1.000000
2.230885 0.037119 0.734002 0.842874 0.367639 1.000000
1.078913 1.733553 0.929102 0.247741 0.336869 0.000000
1.116610 1.847508 0.185906 0.713769 0.825212 0.000000
2.758745 1.747347 0.947773 0.906874 0.746598 0.000000
2.800550 2.882989 0.284718 0.038586 0.887419 1.000000
2.195963 2.782755 0.000758 0.714469 0.290590 0.000000
2.792408 3.641764 0.137907 0.599977 0.922277 1.000000
1.869372 1.791475 0.886477 0.005830 0.702223 0.000000
2.814419 1.426819 0.394623 0.666542 0.858782 0.000000
0.687634 0.831878 0.535899 0.865660 0.890192 1.000000
1.814192 1.528173 0.147962 0.099358 0.816153 0.000000
1.436825 2.585744 0.436756 0.609870 0.944570 0.000000
2.216173 3.208793 0.339568 0.168245 0.660429 1.000000
2.757621 2.382084 0.166895 0.936864 0.328983 0.000000
2.521370 1.970715 0.291356 0.604619 0.674521 0.000000
0.411832 0.790841 0.862333 0.054097 0.091439 1.000000
1.259851 3.395399 0.290706 0.238838 0.282787 1.000000
2.552943 2.766488 0.338355 0.346297 0.073956 0.000000
0.575767 2.277327 0.806607 0.675400 0.656766 1.000000
1.640286 2.410234 0.504700 0.422033 0.076204 0.000000
2.205340 2.596894 0.998279 0.080976 0.650163 0.000000
1.908198 2.134286 0.398734 0.212906 0.817937 0.000000
0.944576 2.968876 0.967098 0.743949 0.102456 1.000000
2.698382 2.214329 0.720212 0.880006 0.807119 0.000000
3.221489 0.833197 0.287813 0.194788 0.252374 1.000000
2.509394 1.671538 0.855636 0.388767 0.622175 0.000000
3.149086 2.523074 0.243681 0.656033 0.947004 1.000000
1.957987 3.778312 0.740274 0.197427 0.001952 1.000000
0.328762 1.007240 0.980033 0.908843 0.395432 1.000000
0.733196 2.713822 0.554208 0.880908 0.502459 1.000000
0.937851 0.616539 0.277202 0.872758 0.224025 1.000000
1.696501 2.237653 0.850311 0.083715 0.268713 0.000000
3.875903 1.999667 0.522253 0.669237 0.797680 1.000000
2.088213 1.921714 0.811733 0.636990 0.857612 0.000000
1.503642 1.489405 0.038305 0.856303 0.402146 0.000000
1.169246 1.471488 0.863286 0.481622 0.830793 0.000000
1.585756 3.782492 0.816776 0.066890 0.726624 1.000000
1.379967 0.802795 0.112386 0.900893 0.405673 1.000000
2.249413 1.703277 0.025942 0.752657 0.695951 0.000000
3.209727 0.482230 0.545074 0.767889 0.901514 1.000000
1.626337 0.463386 0.649025 0.705456 0.582905 1.000000
1.402027 0.412235 0.212167 0.920999 0.504730 1.000000
0.499447 3.316644 0.862242 0.234608 0.663006 1.000000
2.718111 0.133589 0.292380 0.410289 0.595540 1.000000
1.795338 1.930744 0.206856 0.169724 0.336314 0.000000
1.782676 1.981522 0.125337 0.853129 0.485105 0.000000
1.058917 2.433552 0.393466 0.854665 0.886977 1.000000
2.070319 2.721444 0.804789 0.843312 0.992250 0.000000
2.649712 1.914240 0.966958 0.021551 0.545430 0.000000
2.636328 1.835225 0.126757 0.189577 0.410702 0.000000
1.714657 2.096390 0.029886 0.095967 0.911760 0.000000
1.944570 2.365767 0.208019 0.038929 0.884552 0.000000
0.274921 2.912852 0.099175 0.234463 0.154135 1.000000
1.781128 0.643434 0.855675 0.676942 0.338587 1.000000
1.982478 1.570684 0.151861 0.944459 0.300775 0.000000
2.803495 2.366936 0.793119 0.190020 0.638742 0.000000
2.188698 1.912100 0.842707 0.624665 0.007015 0.000000
2.496394 3.172416 0.122627 0.667484 0.876438 1.000000
1.209901 2.930120 0.562419 0.356821 0.906380 1.000000
2.643898 2.516880 0.246653 0.327008 0.733787 0.000000
2.726201 3.649744 0.491173 0.412901 0.053878 1.000000
1.050116 1.725775 0.877263 0.531603 0.139092 0.000000
2.945047 2.858658 0.559084 0.179048 0.210601 1.000000
1.704954 0.258357 0.610412 0.767684 0.909247 1.000000
1.785387 2.645332 0.082139 0.905280 0.648422 0.000000
0.554478 0.839630 0.781521 0.226820 0.707348 1.000000
2.110137 2.629260 0.711429 0.481782 0.552286 0.000000
1.683292 1.676013 0.789002 0.332561 0.707720 0.000000
1.609723 1.962202 0.298850 0.150752 0.255543 0.000000
2.655600 2.626293 0.028476 0.931423 0.402257 0.000000
2.635338 1.820858 0.998896 0.758143 0.442364 0.000000
2.640540 1.949101 0.218517 0.347896 0.123454 0.000000
1.580867 1.182352 0.038368 0.996854 0.344367 0.000000
1.991540 1.773903 0.054693 0.742641 0.595129 0.000000
1.866046 2.212152 0.259744 0.963520 0.034306 0.000000
2.832068 1.534941 0.190714 0.636323 0.137306 0.000000
2.615525 2.531601 0.400097 0.795078 0.101138 0.000000
1.600589 1.607174 0.097948 0.620543 0.934285 0.000000
1.932086 1.177770 0.822336 0.324466 0.848478 0.000000
2.594559 1.484110 0.031058 0.697156 0.648549 0.000000
1.853520 3.614829 0.958586 0.551546 0.647105 1.000000
3.206226 3.302241 0.332726 0.307486 0.077140 1.000000
2.333766 2.239734 0.281885 0.757698 0.149685 0.000000
1.724555 2.938258 0.943477 0.017874 0.234109 0.000000
0.406475 2.497977 0.097457 0.005132 0.297649 1.000000
2.132466 3.569589 0.059753 0.245774 0.358607 1.000000
2.522150 1.872559 0.872375 0.478324 0.555709 0.000000
0.283886 2.568271 0.672985 0.777799 0.883031 1.000000
1.868764 2.922066 0.893110 0.383949 0.865427 0.000000
1.668288 1.601150 0.816304 0.350867 0.520451 0.000000
0.307951 1.043463 0.835839 0.994966 0.992679 1.000000
1.242061 1.827465 0.497019 0.495068 0.834518 0.000000
0.273940 2.198454 0.208299 0.950809 0.005272 1.000000
2.220930 3.401473 0.123428 0.165668 0.233887 1.000000
1.113865 2.785867 0.488038 0.602912 0.954913 1.000000
2.803988 1.944320 0.206978 0.251480 0.005396 0.000000
0.629587 1.490749 0.631529 0.175935 0.186404 1.000000
3.019596 1.871066 0.164678 0.441699 0.486440 1.000000
2.086712 2.678577 0.455079 0.220051 0.621560 0.000000
2.363061 2.364562 0.462726 0.115439 0.300403 0.000000
0.741955 2.121427 0.883480 0.463380 0.903707 1.000000
2.101632 2.518287 0.760126 0.614428 0.051103 0.000000
1.178444 3.446219 0.442713 0.911309 0.156804 1.000000
1.720024 2.753004 0.296174 0.028893 0.854507 0.000000
3.603572 1.622690 0.082377 0.780624 0.920496 1.000000
2.427355 1.948951 0.201331 0.578656 0.102217 0.000000
3.418881 2.698703 0.882632 0.029140 0.344398 1.000000
0.557576 1.397638 0.821721 0.292323 0.955965 1.000000
3.416447 1.553004 0.551439 0.647465 0.491588 1.000000
0.825420 2.416261 0.349686 0.209333 0.932495 1.000000
3.218511 1.742235 0.769992 0.008643 0.384593 1.000000
1.741179 3.431841 0.912316 0.686739 0.366204 1.000000
1.969237 3.969316 0.312433 0.838031 0.425709 1.000000
1.861824 2.721629 0.736345 0.682757 0.313797 0.000000
2.568910 1.206439 0.554145 0.175646 0.235424 0.000000
1.074648 2.843042 0.169969 0.852481 0.176159 1.000000
1.188578 1.169637 0.982359 0.657056 0.368381 1.000000
3.902736 2.300352 0.984858 0.332319 0.404087 1.000000
1.747365 1.872057 0.161737 0.002842 0.565218 0.000000
2.494199 2.563168 0.909144 0.582013 0.308786 0.000000
2.292472 2.583334 0.947446 0.446223 0.932441 0.000000
1.813856 2.023562 0.702687 0.838498 0.035777 0.000000
1.732406 1.900486 0.458001 0.664584 0.890309 0.000000
1.765173 0.722932 0.308566 0.572525 0.665727 1.000000
3.884434 1.393686 0.403184 0.118704 0.825365 1.000000
3.119412 3.079383 0.728519 0.635577 0.796322 1.000000
0.204080 1.935474 0.350295 0.981791 0.019857 1.000000
1.620679 1.343241 0.082030 0.017950 0.399906 0.000000
2.003655 1.590460 0.146431 0.368725 0.350264 0.000000
1.596254 1.253791 0.927911 0.941070 0.884677 0.000000
2.623307 1.904563 0.860037 0.931463 0.345727 0.000000
3.519375 2.014219 0.425341 0.638774 0.696198 1.000000
1.074294 2.308871 0.881777 0.934052 0.343265 0.000000
2.837754 3.565702 0.103059 0.848250 0.354289 1.000000
1.955890 2.266178 0.540712 0.883024 0.112677 0.000000
2.516177 2.707370 0.282822 0.793128 0.197807 0.000000
1.638171 0.962545 0.547286 0.047427 0.220038 1.000000
2.692289 1.556419 0.320101 0.677344 0.332219 0.000000
2.800097 1.603261 0.004441 0.975594 0.465574 0.000000
2.651433 1.688720 0.871159 0.690875 0.651766 0.000000
1.555932 2.011045 0.640316 0.415851 0.290760 0.000000
1.131661 0.878210 0.484009 0.806966 0.839399 1.000000
2.311489 1.586290 0.252721 0.915161 0.491880 0.000000
0.952341 3.285644 0.120868 0.853032 0.112077 1.000000
1.595152 1.790402 0.294317 0.151734 0.226370 0.000000
1.645315 3.440958 0.947527 0.593708 0.478710 1.000000
1.562250 1.395825 0.622921 0.974022 0.221197 0.000000
1.292180 1.092064 0.459442 0.058706 0.273908 1.000000
1.152511 1.624510 0.672439 0.135942 0.935201 0.000000
0.259037 2.258880 0.122949 0.368859 0.554043 1.000000
0.728283 2.774415 0.506471 0.195657 0.194681 1.000000
1.724436 1.241073 0.626693 0.173999 0.642796 0.000000
2.760969 2.147357 0.180032 0.067979 0.449826 0.000000
2.655492 2.674606 0.690156 0.453181 0.823066 0.000000
2.588421 1.141831 0.487715 0.232940 0.177497 1.000000
3.367945 2.892182 0.942451 0.444548 0.872381 1.000000
1.658460 1.160754 0.797033 0.073298 0.627362 0.000000
2.628654 2.959074 0.723482 0.277046 0.607456 1.000000
2.097927 1.568769 0.944648 0.082816 0.928933 0.000000
2.221521 3.003384 0.546098 0.111931 0.430558 1.000000
3.111198 3.532124 0.732017 0.558096 0.147172 1.000000
2.727776 2.556961 0.240790 0.256569 0.669634 0.000000
2.379021 3.651257 0.589319 0.192096 0.913739 1.000000
3.515442 2.853135 0.596513 0.166964 0.562836 1.000000
2.648548 3.262512 0.963738 0.185575 0.072004 1.000000
0.769701 1.176533 0.103758 0.307231 0.263942 1.000000
2.949499 1.998221 0.263722 0.189062 0.591101 0.000000
2.343998 2.000322 0.931093 0.247878 0.666873 0.000000
1.956746 0.345414 0.986361 0.760596 0.745929 1.000000
1.810640 2.403562 0.919207 0.794028 0.051655 0.000000
2.597067 1.303264 0.621059 0.214847 0.701046 0.000000
2.352915 2.555037 0.165594 0.563623 0.265808 0.000000
2.583408 3.680585 0.678321 0.490939 0.624032 1.000000
1.330906 1.229944 0.379551 0.615342 0.089404 1.000000
1.920949 1.247553 0.955093 0.060972 0.172631 0.000000
2.639221 1.334028 0.410212 0.399245 0.443454 0.000000
2.381507 2.371284 0.411283 0.105494 0.148430 0.000000
1.439960 1.343318 0.398428 0.790664 0.075356 0.000000
2.663002 2.816235 0.826169 0.959822 0.421115 1.000000
2.044147 0.411207 0.895344 0.751247 0.603472 1.000000
0.174705 2.402947 0.004245 0.681528 0.987580 1.000000
1.372504 1.224346 0.534114 0.712982 0.879110 0.000000
2.571314 0.104799 0.103839 0.235849 0.821941 1.000000
1.062235 2.077013 0.584866 0.127038 0.169471 0.000000
1.458614 1.616672 0.567893 0.583964 0.880711 0.000000
2.626286 0.126568 0.084896 0.436545 0.549594 1.000000
3.564887 1.092264 0.421772 0.328363 0.519786 1.000000
1.858893 2.002420 0.747186 0.636244 0.750568 0.000000
3.771654 2.135949 0.626180 0.068997 0.455072 1.000000
1.015522 1.998830 0.305056 0.388244 0.368615 0.000000
0.824495 3.441042 0.679528 0.033397 0.921765 1.000000
2.678847 1.508840 0.900004 0.337484 0.505408 0.000000
1.507079 1.969530 0.312950 0.050341 0.014820 0.000000
0.721057 3.156814 0.789911 0.576033 0.255648 1.000000
0.409385 2.203708 0.418952 0.564973 0.363969 1.000000
0.823384 1.073648 0.413339 0.680687 0.779596 1.000000
2.271089 2.870251 0.556156 0.332858 0.158054 0.000000
1.113841 1.089551 0.652719 0.112402 0.412317 1.000000
1.612513 0.700706 0.082191 0.251810 0.191348 1.000000
1.427283 3.625521 0.623975 0.864089 0.014641 1.000000
0.217391 2.633042 0.083790 0.724291 0.907339 1.000000
2.156229 2.201564 0.957589 0.729540 0.216861 0.000000
3.928424 1.911033 0.338423 0.470779 0.292806 1.000000
1.676535 1.417934 0.317982 0.885143 0.908567 0.000000
3.157583 1.487766 0.368626 0.147732 0.768817 1.000000
2.972423 2.746892 0.929287 0.432400 0.852503 1.000000
2.204170 2.575705 0.610748 0.921345 0.376203 0.000000
0.969352 0.753923 0.909025 0.271319 0.256821 1.000000
1.904327 0.811271 0.204894 0.832097 0.252846 1.000000
2.530672 2.141923 0.623389 0.266991 0.178909 0.000000
0.749581 2.741489 0.122271 0.000194 0.531309 1.000000
2.860714 2.172860 0.296833 0.133856 0.265420 0.000000
3.834344 2.206183 0.483958 0.464305 0.169834 1.000000
1.975217 1.025701 0.145880 0.556706 0.034830 0.000000
2.198375 3.868392 0.445996 0.289751 0.736298 1.000000
2.569933 2.544045 0.945204 0.820899 0.154045 0.000000
2.181866 2.524772 0.111725 0.118707 0.841056 0.000000
3.199430 2.873852 0.998036 0.297145 0.292409 1.000000
0.519264 3.155179 0.402482 0.445282 0.160858 1.000000
1.733928 3.923775 0.251160 0.971109 0.348422 1.000000
0.334780 2.958269 0.212950 0.368062 0.909132 1.000000
2.217335 1.061721 0.665873 0.295078 0.292919 0.000000
1.916226 1.387324 0.244426 0.269797 0.615611 0.000000
2.597957 0.848668 0.573017 0.591450 0.921239 1.000000
2.076301 3.747867 0.185489 0.530357 0.505152 1.000000
0.805657 1.119197 0.975684 0.575088 0.157397 1.000000
0.166108 2.373000 0.325791 0.737293 0.381278 1.000000
1.261268 2.163497 0.916462 0.995044 0.860921 0.000000
3.307856 3.079268 0.005427 0.600834 0.678598 1.000000
0.262971 2.028046 0.941257 0.624256 0.646044 1.000000
1.379275 1.910234 0.891882 0.348274 0.341753 0.000000
1.366541 2.299989 0.878446 0.606953 0.274750 0.000000
2.146430 2.652826 0.185118 0.898657 0.673887 0.000000
3.731484 1.623767 0.372086 0.560853 0.397697 1.000000
2.241559 1.908732 0.097279 0.343606 0.788898 0.000000
2.732352 3.814062 0.344443 0.862516 0.745352 1.000000
2.015156 0.106838 0.297042 0.928670 0.391450 1.000000
2.931270 1.792119 0.373570 0.192319 0.788961 0.000000
3.368120 2.225527 0.778693 0.642900 0.644689 1.000000
1.913009 1.049327 0.972490 0.055469 0.627995 0.000000
3.825086 1.593578 0.396548 0.410078 0.401270 1.000000
2.535100 3.384649 0.806107 0.468350 0.247476 1.000000
1.596795 2.079540 0.893934 0.619014 0.838981 0.000000
2.953428 2.221493 0.243880 0.211023 0.264344 0.000000
3.315351 3.286885 0.705089 0.086466 0.160940 1.000000
2.483824 1.301549 0.426121 0.782136 0.374629 0.000000
1.663980 3.332663 0.663831 0.973490 0.266818 1.000000
3.132929 1.882186 0.328722 0.036878 0.947214 1.000000
2.671414 1.802379 0.372346 0.944967 0.101220 0.000000
2.035846 3.489408 0.009574 0.924380 0.471125 1.000000
2.139736 0.340125 0.187316 0.421288 0.380888 1.000000
2.070691 3.824814 0.609926 0.176652 0.632051 1.000000
3.684955 1.766381 0.478945 0.504312 0.804924 1.000000
1.359543 2.469197 0.562928 0.335563 0.882722 0.000000
1.267557 2.671334 0.627700 0.608923 0.580453 0.000000
1.952908 2.436584 0.003024 0.404516 0.794182 0.000000
1.333854 0.185882 0.220897 0.368606 0.757268 1.000000
2.816071 2.367528 0.210018 0.747548 0.153660 0.000000
2.512262 3.548026 0.504511 0.812308 0.041638 1.000000
3.577480 1.270246 0.639185 0.653083 0.748702 1.000000
1.669361 0.658335 0.534934 0.085031 0.624935 1.000000
2.184394 0.447723 0.931906 0.450500 0.473454 1.000000
1.620065 1.293302 0.217045 0.213687 0.994784 0.000000
1.276652 3.581162 0.973366 0.180264 0.789204 1.000000
2.148431 1.522859 0.641387 0.832913 0.139858 0.000000
2.547658 0.837942 0.927284 0.304113 0.555232 1.000000
2.076182 0.936224 0.141161 0.902942 0.400867 1.000000
1.995285 0.235696 0.615668 0.926134 0.801021 1.000000
2.910067 0.824108 0.264110 0.587177 0.122598 1.000000
0.983094 1.434429 0.303800 0.800724 0.692970 1.000000
2.275246 2.773707 0.754309 0.541355 0.093458 0.000000
1.037180 1.927810 0.099531 0.203150 0.306966 0.000000
2.251703 2.058902 0.578666 0.366044 0.657484 0.000000
1.911340 2.369046 0.303467 0.462730 0.306545 0.000000
1.567148 2.636892 0.272417 0.179711 0.632435 0.000000
2.039869 2.284743 0.440004 0.208513 0.930451 0.000000
2.483414 1.983533 0.864797 0.631667 0.313921 0.000000
2.646130 1.786223 0.619631 0.667473 0.630710 0.000000
0.603736 2.779479 0.610978 0.934809 0.345442 1.000000
3.895348 1.377771 0.850495 0.751277 0.546633 1.000000
2.367923 2.346724 0.300121 0.935519 0.354858 0.000000
2.032468 2.179607 0.847832 0.539954 0.465050 0.000000
2.296237 3.619640 0.662331 0.638347 0.715506 1.000000
2.120991 3.479210 0.611331 0.067175 0.421766 1.000000
2.183208 3.650534 0.765000 0.050030 0.244509 1.000000
2.146390 1.572820 0.908435 0.857892 0.426961 0.000000
1.078749 2.204466 0.477682 0.183073 0.870943 0.000000
2.741834 1.434563 0.889563 0.424840 0.879618 0.000000
2.517301 0.973058 0.183552 0.547292 0.337780 1.000000
1.997238 1.539965 0.585426 0.831957 0.617592 0.000000
0.407480 0.790465 0.555470 0.792786 0.116042 1.000000
2.280683 1.438247 0.755671 0.893162 0.963489 0.000000
1.310268 1.829611 0.915603 0.204068 0.422171 0.000000
2.695970 2.021661 0.161227 0.079583 0.094339 0.000000
2.502279 3.298116 0.950390 0.718736 0.666123 1.000000
0.765392 1.398745 0.130181 0.372632 0.852690 1.000000
1.164751 1.980815 0.508349 0.210697 0.956133 0.000000
1.740611 1.101157 0.079393 0.244732 0.005316 0.000000
2.667908 1.735528 0.678554 0.006375 0.479153 0.000000
0.485591 2.685434 0.569382 0.527575 0.519969 1.000000
1.787923 2.854919 0.055434 0.631406 0.614349 0.000000
2.849930 2.096026 0.182944 0.893377 0.589652 0.000000
2.621027 1.649176 0.285071 0.178781 0.820865 0.000000
1.408062 2.110202 0.286335 0.779959 0.600099 0.000000
0.826937 3.540710 0.303293 0.814461 0.433482 1.000000
2.544622 1.918083 0.637961 0.391722 0.627903 0.000000
1.039273 0.921785 0.709646 0.043254 0.007604 1.000000
0.994776 2.719246 0.261240 0.801556 0.825560 1.000000
2.072625 1.955298 0.369825 0.603911 0.264669 0.000000
2.914078 2.542309 0.076697 0.718258 0.739585 1.000000
1.474422 3.029073 0.294718 0.135429 0.381721 1.000000
0.284410 1.854237 0.937946 0.822475 0.005838 1.000000
1.685019 1.117865 0.245520 0.126221 0.345622 0.000000
1.894217 1.843046 0.050843 0.055922 0.514485 0.000000
1.665269 1.630347 0.943278 0.584736 0.453435 0.000000
1.892129 1.811497 0.686301 0.152453 0.447662 0.000000
0.325704 1.849754 0.482022 0.498274 0.447861 1.000000
2.304130 1.022593 0.239643 0.854860 0.576724 1.000000
1.370350 0.726728 0.385488 0.584690 0.058239 1.000000
2.370029 0.749264 0.904910 0.657163 0.739769 1.000000
2.932944 3.740322 0.628926 0.235779 0.842339 1.000000
2.624132 3.788014 0.158991 0.957146 0.835790 1.000000
1.563746 3.727410 0.738912 0.641999 0.144927 1.000000
2.662072 3.863242 0.151191 0.749966 0.336797 1.000000
2.888160 1.722165 0.008457 0.486205 0.538891 0.000000
2.526116 0.703738 0.057930 0.651248 0.601390 1.000000
2.603779 3.482732 0.317485 0.410815 0.176108 1.000000
1.976546 1.680221 0.239638 0.865689 0.434421 0.000000
2.839733 2.569261 0.881201 0.099036 0.310070 1.000000
0.432126 1.813350 0.578654 0.616677 0.456190 1.000000
1.886149 3.397136 0.056300 0.599508 0.336043 1.000000
0.030455 2.345235 0.254822 0.302005 0.985484 1.000000
2.495872 1.852777 0.747138 0.025044 0.341527 0.000000
2.605936 3.540600 0.628066 0.887007 0.588972 1.000000
2.632781 2.476171 0.051579 0.135544 0.985708 0.000000
2.833639 2.129440 0.516001 0.299540 0.283155 0.000000
2.107652 3.909560 0.665082 0.949326 0.006299 1.000000
1.897306 2.611534 0.620380 0.404555 0.122273 0.000000
1.883101 1.826769 0.401598 0.675832 0.335867 0.000000
1.076797 2.286395 0.022908 0.585534 0.225723 0.000000
2.725702 1.666367 0.496468 0.958234 0.321707 0.000000
0.461187 2.868983 0.848048 0.017855 0.129816 1.000000
1.387544 2.543259 0.749804 0.567759 0.041944 0.000000
1.159004 2.945191 0.409709 0.175162 0.432169 1.000000
2.581984 2.825158 0.650945 0.870683 0.340776 1.000000
0.757373 2.642543 0.637577 0.569109 0.972802 1.000000
2.998278 2.530985 0.891222 0.273066 0.819414 1.000000
1.577868 1.934398 0.204883 0.085704 0.324692 0.000000
1.957902 1.897192 0.078696 0.903028 0.396016 0.000000
1.778303 2.698885 0.798764 0.487254 0.086278 0.000000
1.595235 3.726018 0.826137 0.615620 0.687931 1.000000
2.054351 2.961300 0.609155 0.348607 0.161360 0.000000
1.213943 3.535247 0.176017 0.609208 0.258879 1.000000
1.800296 2.172530 0.074075 0.968902 0.522346 0.000000
2.105265 2.283328 0.777528 0.070296 0.624965 0.000000
2.785054 2.890503 0.802093 0.729693 0.493644 1.000000
1.796591 2.181944 0.266578 0.238777 0.071657 0.000000
2.557399 3.339686 0.201874 0.656706 0.194392 1.000000
2.785832 2.290149 0.105095 0.499047 0.310137 0.000000
1.221736 1.960942 0.744326 0.587142 0.961158 0.000000
1.733170 1.371876 0.444676 0.644071 0.516680 0.000000
3.636529 2.573618 0.187574 0.172657 0.100847 1.000000
2.606802 2.661781 0.185728 0.699492 0.633907 0.000000
2.135297 1.402586 0.121981 0.406851 0.126376 0.000000
