2
2000
1.065836 8.310673 1.000000
45.858279 78.368214 0.000000
-33.286617 -62.248991 0.000000
-12.033524 37.889113 1.000000
-68.446808 36.872897 0.000000
80.849185 -8.333939 1.000000
-58.920179 13.297075 1.000000
31.902652 13.313139 0.000000
69.780529 -45.932942 1.000000
-30.728315 38.839809 0.000000
-9.849636 0.813524 0.000000
3.232610 -3.837953 0.000000
-69.355589 -27.431887 0.000000
-37.235916 73.456248 0.000000
20.039251 23.122449 0.000000
81.426208 -17.632726 1.000000
-31.506810 43.567796 0.000000
33.816068 -12.030984 0.000000
-0.710636 2.089962 1.000000
-35.986893 37.962360 0.000000
5.203187 -21.378976 1.000000
11.023634 42.017334 1.000000
74.261230 -37.927430 1.000000
-1.262357 -66.988959 0.000000
-58.821910 1.466054 1.000000
21.149907 86.321561 0.000000
-40.723243 -38.956961 1.000000
46.707081 39.520224 0.000000
-2.027034 7.935649 1.000000
23.795021 56.613913 0.000000
71.161014 -42.739597 1.000000
31.344510 3.615750 0.000000
43.513528 20.262444 1.000000
-11.841087 -50.404287 1.000000
-12.822066 -17.986330 1.000000
-57.272818 -3.358754 1.000000
-29.343220 -43.630570 1.000000
2.778242 56.610977 0.000000
28.327528 10.607493 0.000000
8.750710 42.699258 1.000000
15.126828 -16.143968 1.000000
-51.215792 -26.871612 1.000000
78.584752 7.117011 1.000000
-90.245427 22.508016 1.000000
-90.058248 -18.123907 1.000000
-58.864203 81.250831 1.000000
-40.195125 -58.288649 0.000000
95.253954 2.623797 0.000000
18.884645 88.565777 0.000000
-12.937576 -64.866700 0.000000
2.474968 8.493477 1.000000
-32.238698 77.192533 0.000000
24.419327 -24.689922 0.000000
5.262369 -17.446207 1.000000
-64.763819 45.834992 0.000000
48.324132 -1.287932 1.000000
43.754162 -29.401089 1.000000
23.383633 -44.653823 1.000000
-46.612378 46.844658 1.000000
-82.475173 44.097176 1.000000
3.372547 -21.557116 1.000000
-19.164209 32.363295 1.000000
14.542477 -13.295761 1.000000
-11.264240 4.648067 0.000000
6.542873 -2.104596 0.000000
53.941657 35.282517 0.000000
37.941865 -36.257545 1.000000
-70.769161 -21.107857 0.000000
22.108992 25.233586 0.000000
-14.125814 -68.120759 0.000000
51.192170 -86.426009 0.000000
-90.757229 15.281102 1.000000
1.649184 10.234889 1.000000
-32.978265 -78.175965 1.000000
-11.898332 -18.599390 1.000000
33.600194 -10.264689 0.000000
1.966798 28.106518 0.000000
22.616499 -30.527017 0.000000
-50.272850 -24.567506 1.000000
-13.931174 0.162267 0.000000
-19.530718 -31.604341 0.000000
10.221328 10.578148 1.000000
36.649200 -38.073090 1.000000
-73.986650 -16.807773 0.000000
12.837759 -84.098670 1.000000
6.420090 -3.798136 0.000000
4.274243 -36.003485 0.000000
50.662953 9.550705 1.000000
-23.889326 -48.621562 1.000000
33.000679 66.975311 1.000000
4.379401 0.721577 0.000000
70.549609 39.980221 1.000000
2.887463 -70.667489 0.000000
-54.729288 39.340430 1.000000
41.025232 22.657455 1.000000
-59.696016 58.231371 0.000000
-63.434532 51.851133 0.000000
2.045470 25.006648 0.000000
-58.363037 -9.994016 1.000000
2.169766 13.004460 1.000000
-14.777445 -33.533441 0.000000
33.380337 -12.955691 0.000000
51.269599 8.761155 1.000000
0.362230 -34.714365 0.000000
14.095607 26.865672 0.000000
43.279301 19.835261 1.000000
5.829059 0.549234 0.000000
20.652278 23.399025 0.000000
-15.500898 -19.198219 1.000000
-11.984044 4.414742 0.000000
3.345752 -2.426150 0.000000
-4.526292 -38.635963 0.000000
98.819754 -9.396271 0.000000
10.739706 28.260260 0.000000
-22.610356 46.864070 0.000000
4.201167 11.519556 1.000000
-93.496926 -1.850634 1.000000
-25.665326 -26.868317 0.000000
-42.620225 19.966350 0.000000
-44.765486 19.159793 0.000000
88.335782 -35.540111 0.000000
20.056305 87.869908 0.000000
6.883566 -1.600959 0.000000
64.477747 66.983075 0.000000
74.847237 -63.782558 0.000000
-10.985363 52.859377 0.000000
-2.707225 39.052893 1.000000
-53.918438 81.381636 1.000000
5.215756 -0.536156 0.000000
-48.411188 -68.941071 1.000000
-13.102193 -20.145528 1.000000
-23.705126 -68.182570 0.000000
63.550601 11.885824 0.000000
51.816417 -67.780119 1.000000
-19.440203 -14.535105 1.000000
7.274111 75.364989 1.000000
-75.225089 18.708215 0.000000
-43.573879 52.019475 1.000000
4.031132 26.419992 0.000000
3.403101 -5.065136 0.000000
27.571331 39.164478 1.000000
-13.794306 12.794690 0.000000
63.993142 -24.131308 0.000000
27.611068 -43.371249 1.000000
-21.175856 -11.763434 1.000000
-0.946039 -35.133952 0.000000
37.542453 31.830887 1.000000
-4.507326 57.183884 0.000000
57.470573 -34.082596 0.000000
3.386838 -6.592116 0.000000
-80.877155 52.948720 1.000000
4.545669 3.346842 0.000000
43.851280 -51.811776 0.000000
79.076412 21.034627 1.000000
-56.455663 25.058523 1.000000
78.068338 -21.576415 1.000000
17.825797 41.123310 1.000000
-31.402487 79.911066 0.000000
-24.318435 -33.568855 0.000000
-7.705394 -5.525112 0.000000
-11.980947 0.409298 0.000000
2.948937 -1.797737 0.000000
-91.686959 19.665639 1.000000
74.441760 57.953659 0.000000
-34.356888 -22.731177 0.000000
33.385758 -8.678519 0.000000
17.483839 3.169193 1.000000
18.038636 -9.069146 1.000000
-61.989961 7.050790 1.000000
7.081763 88.579390 0.000000
-77.794623 -5.817944 0.000000
-89.429723 -9.266584 1.000000
48.754706 -66.421189 1.000000
-60.351511 -62.333851 1.000000
47.749410 -65.918348 1.000000
-3.679504 -6.217222 0.000000
-28.432665 63.349608 1.000000
-6.348995 86.705922 0.000000
3.223274 -0.231675 0.000000
35.150783 -73.329689 1.000000
6.846798 3.428154 0.000000
-77.639386 57.477747 1.000000
-10.354523 -21.035501 1.000000
1.465882 40.053710 1.000000
-75.232458 -14.267351 0.000000
-37.183539 34.698695 0.000000
-0.704962 8.358501 1.000000
-1.101686 22.098338 0.000000
28.692635 -24.735875 0.000000
-41.123198 51.243597 1.000000
13.214882 -14.349762 1.000000
30.293739 -19.292473 0.000000
-45.904578 -34.399985 1.000000
-21.002263 29.503136 1.000000
-58.114582 -43.220711 0.000000
47.944881 -46.596518 0.000000
9.303786 13.230065 1.000000
-30.930448 39.458962 0.000000
18.261247 -7.420341 1.000000
-55.971280 -18.072953 1.000000
15.282864 6.988631 1.000000
-59.154917 -41.638145 0.000000
-29.454917 2.110700 1.000000
7.084322 10.890867 1.000000
-41.273018 -12.535935 0.000000
-50.828895 39.314408 1.000000
21.433620 -29.073767 0.000000
-39.121065 94.421444 1.000000
-31.560328 -25.184784 0.000000
-44.943927 3.455743 0.000000
22.245773 22.793503 0.000000
6.115738 -35.174021 0.000000
-13.738505 0.233616 0.000000
41.892477 -31.669681 1.000000
-39.677862 75.846736 0.000000
12.837455 71.566696 1.000000
82.850875 -8.049917 1.000000
-12.593307 88.057983 0.000000
-9.690336 -50.710128 1.000000
49.768998 10.443606 1.000000
-38.728700 -14.554073 0.000000
1.557095 4.213756 1.000000
-19.791668 27.316318 1.000000
26.805526 16.058142 0.000000
14.342369 -35.973081 0.000000
37.798168 30.743642 1.000000
11.877564 -48.882602 1.000000
67.288956 -69.702958 0.000000
50.059131 -4.204844 1.000000
22.292169 22.091257 0.000000
92.992820 -32.827336 0.000000
78.431675 10.385955 1.000000
27.983584 13.929036 0.000000
-25.135601 -29.537973 0.000000
18.848743 89.145452 0.000000
-72.439695 64.192213 1.000000
45.164933 -88.915877 0.000000
-47.043565 12.069900 0.000000
-29.706249 -29.376615 0.000000
-6.817040 -69.841644 0.000000
44.823907 61.884469 1.000000
34.766316 31.735266 1.000000
-38.055675 56.394128 1.000000
43.935898 -69.947455 1.000000
-31.226034 -24.198478 0.000000
-12.111255 -1.225171 0.000000
14.413047 88.615539 0.000000
-34.557821 62.507464 1.000000
36.003850 32.102854 1.000000
3.919903 -3.091091 0.000000
9.093353 -18.690890 1.000000
-77.023019 21.390493 0.000000
-7.390203 71.110038 1.000000
-30.563058 -24.978675 0.000000
-14.480235 56.130772 0.000000
3.046676 2.323366 0.000000
33.440306 -0.048945 0.000000
-43.062539 19.699395 0.000000
60.286338 70.520163 0.000000
-41.819813 -73.163276 1.000000
24.549046 40.942169 1.000000
42.836011 78.971924 0.000000
-6.468313 -5.337731 0.000000
2.305972 -2.637095 0.000000
59.197399 52.053143 1.000000
-0.774563 -7.126625 0.000000
-27.075946 65.399844 1.000000
-37.293961 -17.526498 0.000000
51.936010 -40.375120 0.000000
-9.582807 16.754847 0.000000
37.490909 -71.286873 1.000000
56.955675 29.762467 0.000000
24.010143 -45.930985 1.000000
8.898687 -50.879773 1.000000
13.630645 10.521824 1.000000
-7.109470 -68.716645 0.000000
84.494022 47.571198 0.000000
18.993187 1.507833 1.000000
3.986618 1.685980 1.000000
-9.077241 -81.706126 1.000000
-7.308763 -19.959907 1.000000
-44.919193 49.646444 1.000000
15.433655 8.200202 1.000000
-68.634489 72.660082 1.000000
93.666218 12.924321 0.000000
19.713645 55.990489 0.000000
11.554828 88.929235 0.000000
14.916438 -14.008810 1.000000
95.014379 -17.865442 0.000000
-35.301815 -42.463793 1.000000
-5.063978 71.596649 1.000000
9.196219 -18.983204 1.000000
-15.287975 0.835538 0.000000
-62.534487 3.286299 1.000000
14.414323 -32.793345 0.000000
60.845551 22.052472 0.000000
-44.272085 48.175498 1.000000
-73.707165 64.521133 1.000000
-76.043632 23.895289 0.000000
18.911181 2.202691 1.000000
-15.329555 -16.278901 1.000000
48.964286 -12.918015 1.000000
17.089827 -10.007779 1.000000
16.954047 -1.166237 1.000000
32.214943 -11.301278 0.000000
18.863620 -1.373890 1.000000
-45.497772 2.028411 0.000000
30.443871 34.203715 1.000000
-9.911920 -36.477211 0.000000
4.157505 -1.807326 0.000000
-61.347480 -40.514671 0.000000
-1.213429 -54.208211 1.000000
-42.954555 -2.683255 0.000000
38.520163 25.686186 1.000000
-26.756577 -49.110986 1.000000
1.236959 8.387639 1.000000
34.968153 -9.298850 0.000000
40.706099 -73.998001 1.000000
34.854922 1.147930 0.000000
2.785050 0.303447 1.000000
16.865747 41.401822 1.000000
15.696448 59.618061 0.000000
55.585887 29.659778 0.000000
-53.810348 -67.192927 1.000000
3.577736 0.879310 0.000000
39.083988 27.453104 1.000000
-19.446823 -13.948894 1.000000
2.679349 -1.301511 0.000000
-4.128663 -53.498034 1.000000
62.690433 -20.311984 0.000000
4.845083 12.956061 1.000000
-92.794861 9.265874 1.000000
-1.188849 5.531573 1.000000
18.913858 -46.995874 1.000000
-26.819678 12.117779 1.000000
27.333538 -61.589791 0.000000
2.847219 11.037841 1.000000
3.669660 -0.029983 0.000000
16.136490 -49.912251 1.000000
94.668560 17.919022 0.000000
-6.308464 37.983639 1.000000
-30.719685 12.328123 1.000000
13.714731 27.337054 0.000000
32.320136 5.547677 0.000000
-75.034827 -46.673784 1.000000
-65.804252 47.353280 0.000000
-90.190194 -19.750197 1.000000
-21.164678 29.120371 1.000000
-45.347502 92.468453 1.000000
16.608534 -15.248932 1.000000
-21.298257 28.400883 1.000000
-64.240597 74.697962 1.000000
74.536250 30.865893 1.000000
-25.076643 -9.699937 1.000000
-67.848273 -25.829537 0.000000
52.931566 35.498767 0.000000
9.973690 10.013742 1.000000
-74.103022 63.879670 1.000000
34.568897 49.943217 0.000000
-62.060121 53.860223 0.000000
-42.918155 24.457605 0.000000
-45.679890 12.619409 0.000000
-38.388195 29.625390 0.000000
58.066520 26.629553 0.000000
25.298054 18.655514 0.000000
-12.471470 -37.294715 0.000000
-20.183889 -49.100457 1.000000
43.794534 48.303355 0.000000
-13.698891 0.659492 0.000000
-12.143465 6.692955 0.000000
-56.204697 29.864641 1.000000
-90.489362 -12.222189 1.000000
-7.633349 -21.007297 1.000000
-28.473018 14.555990 1.000000
-4.446548 -4.389989 0.000000
56.314061 -37.810747 0.000000
2.856294 -3.082411 0.000000
-44.095385 -5.525328 0.000000
31.911192 -15.331277 0.000000
94.219085 22.775827 0.000000
3.403355 -5.989562 0.000000
39.548563 29.743294 1.000000
-1.716674 8.752791 1.000000
8.298506 12.912950 1.000000
68.865460 37.632296 1.000000
-11.855821 11.531073 0.000000
34.513015 -15.980792 0.000000
46.855968 17.956576 1.000000
-46.504967 9.674836 0.000000
28.575778 17.939755 0.000000
75.545982 26.113159 1.000000
47.654997 41.190301 0.000000
-48.865919 88.393344 1.000000
-43.181198 1.018658 0.000000
25.826826 -77.273255 1.000000
1.169621 8.314803 1.000000
34.266148 2.138105 0.000000
-28.190198 -7.839300 1.000000
-0.825668 -54.561377 1.000000
21.905631 -47.045824 1.000000
1.405550 2.876224 1.000000
33.664690 12.487372 0.000000
4.260709 10.671693 1.000000
42.154526 -29.915961 1.000000
26.580028 -26.748687 0.000000
33.125394 -41.996495 1.000000
-15.819050 -17.361783 1.000000
55.444736 76.278934 0.000000
-5.211848 39.833331 1.000000
-57.312762 -16.027360 1.000000
-26.202873 -80.321396 1.000000
17.407928 -2.524746 1.000000
13.820272 -84.375988 1.000000
-1.173003 -4.147423 0.000000
-69.600754 70.887109 1.000000
63.357589 -74.629324 0.000000
5.808294 -2.613175 0.000000
66.204613 -17.682459 0.000000
-10.115360 -81.542577 1.000000
27.685412 17.267616 0.000000
17.244492 88.930677 0.000000
31.838111 -57.809399 0.000000
40.782983 47.747391 0.000000
5.153978 -3.184546 0.000000
2.705044 -2.089011 0.000000
63.569123 14.622058 0.000000
-38.901459 -77.481945 1.000000
-41.831509 -5.514404 0.000000
16.441391 7.474103 1.000000
45.305760 14.237818 1.000000
-4.525158 73.342908 1.000000
-54.492527 82.054379 1.000000
60.140708 -57.181487 1.000000
-21.950536 -28.680754 0.000000
-15.984240 86.806325 0.000000
-43.389481 -55.702372 0.000000
58.851527 20.571199 0.000000
-73.781907 -45.627523 1.000000
0.037206 74.372419 1.000000
-13.278016 12.897142 0.000000
70.492985 -68.741558 0.000000
-10.443732 72.710536 1.000000
-70.225898 -53.348196 1.000000
9.256983 13.503271 1.000000
17.607103 -11.115601 1.000000
63.365352 -22.121698 0.000000
-15.975535 -83.443642 1.000000
30.424866 12.638970 0.000000
-9.155342 54.666768 0.000000
12.416641 -32.392405 0.000000
-14.824081 67.427886 1.000000
51.973267 -9.063434 1.000000
66.012573 5.851423 0.000000
6.677296 -37.857533 0.000000
49.368032 39.411046 0.000000
2.004147 3.399705 0.000000
-15.386533 -19.483658 1.000000
-41.674647 55.578895 1.000000
17.197026 24.551366 0.000000
-1.363401 42.021003 1.000000
8.993613 -18.955632 1.000000
17.341334 6.305668 1.000000
82.189315 -3.556199 1.000000
27.109986 -17.857788 0.000000
63.283289 4.997727 0.000000
-15.867271 -83.329125 1.000000
-37.865409 29.613315 0.000000
1.277041 59.486339 0.000000
54.539151 -59.691594 1.000000
-12.584468 37.124430 1.000000
30.839674 52.869629 0.000000
13.906872 -13.438265 1.000000
39.144987 28.110163 1.000000
-6.449483 23.312710 0.000000
-59.667106 75.423033 1.000000
78.675005 23.123444 1.000000
68.604763 -70.811945 0.000000
-13.771877 -51.542789 1.000000
-15.955216 32.106680 1.000000
-69.973724 66.639010 1.000000
-26.941320 -5.924338 1.000000
-85.316333 36.986093 1.000000
65.184845 7.400278 0.000000
-9.732491 -38.493449 0.000000
-8.939575 20.150744 0.000000
-10.837191 -1.159026 0.000000
-12.648385 15.359285 0.000000
18.404885 -64.225237 0.000000
91.098243 30.183590 0.000000
-43.867265 91.921226 1.000000
-20.782055 -47.670539 1.000000
6.320678 -2.479045 0.000000
-3.721572 -8.166934 0.000000
-69.650410 -26.962734 0.000000
5.560446 2.728171 0.000000
16.557746 -82.409739 1.000000
4.027076 -5.688977 0.000000
-78.225711 2.085666 0.000000
0.214834 8.279379 1.000000
-40.596258 -57.868166 0.000000
50.217096 80.527195 0.000000
19.534700 22.664118 0.000000
19.899015 -29.755464 0.000000
19.953769 -6.446966 1.000000
32.188086 33.864613 1.000000
2.634248 1.532878 0.000000
-4.947771 -83.997799 1.000000
-34.464125 61.394492 1.000000
29.704002 8.456497 0.000000
5.539743 -70.587114 0.000000
0.640751 -8.718762 0.000000
-4.122120 26.019835 0.000000
-12.285423 -2.144267 0.000000
-13.569675 35.378308 1.000000
-7.313880 -5.246405 0.000000
-18.019127 30.623190 1.000000
30.863970 7.263226 0.000000
0.101719 -7.254810 0.000000
-75.229042 32.551228 0.000000
-29.329560 -62.749331 0.000000
-2.040365 5.823136 1.000000
-28.222560 -1.295672 1.000000
20.543545 -5.060447 1.000000
-23.306867 27.130787 1.000000
2.006879 8.375888 1.000000
74.675334 -33.049764 1.000000
25.134613 -22.395758 0.000000
19.383314 -6.646604 1.000000
15.490252 6.738444 1.000000
-89.688857 0.147730 1.000000
-46.472062 17.090791 0.000000
5.433801 -1.862002 0.000000
-24.713497 46.449691 0.000000
18.392657 -0.903647 1.000000
-17.172013 -52.317461 1.000000
72.879976 35.848440 1.000000
0.093206 -8.902433 0.000000
-87.371640 -23.959257 1.000000
-11.807139 13.932770 0.000000
63.753136 51.247634 1.000000
44.036916 -73.114549 1.000000
-30.312742 -3.113027 1.000000
21.158004 40.003906 1.000000
-36.372434 -59.013894 0.000000
6.973773 9.257151 1.000000
77.617213 55.050058 0.000000
13.908688 8.869123 1.000000
66.344606 1.318610 0.000000
-2.056543 22.742152 0.000000
50.510856 -2.110888 1.000000
-27.314903 21.582177 1.000000
6.238186 -37.416921 0.000000
14.268385 -15.727714 1.000000
56.949484 -62.685119 1.000000
66.464990 65.173154 0.000000
1.458144 5.906335 1.000000
33.180819 31.842409 1.000000
4.367523 3.273521 0.000000
3.234137 2.969478 1.000000
-8.919758 -51.434285 1.000000
-46.777891 -31.322241 1.000000
4.644603 8.584993 1.000000
-45.816455 4.460984 0.000000
7.688830 71.665510 1.000000
-91.662110 12.864568 1.000000
39.481853 80.888281 0.000000
7.859592 -82.391840 1.000000
46.929057 -67.957336 1.000000
66.422871 -14.577830 0.000000
-25.917185 20.165835 1.000000
-37.469298 -60.425644 0.000000
-1.783121 -4.389988 0.000000
70.292016 65.893623 0.000000
-80.579097 -35.835885 1.000000
-43.121656 1.940310 0.000000
-43.832446 -75.267351 1.000000
61.344956 69.205891 0.000000
31.964068 35.435973 1.000000
-12.159313 70.353381 1.000000
-1.676872 5.331423 1.000000
-10.940019 -2.312593 0.000000
15.013985 -67.172170 0.000000
-50.265255 -71.813635 1.000000
-89.357348 -2.195213 1.000000
-53.246958 -22.384320 1.000000
-43.698691 25.758712 0.000000
18.456687 -33.388809 0.000000
3.258720 1.879710 0.000000
79.822282 9.653008 1.000000
-55.545772 -12.356265 1.000000
1.583966 3.409261 1.000000
26.954963 69.314446 1.000000
-5.857070 23.248628 0.000000
-23.762555 -12.813542 1.000000
-7.836008 -3.304142 0.000000
-20.308438 66.317131 1.000000
-52.506217 -50.421076 0.000000
-12.935607 7.066451 0.000000
95.434788 -27.606168 0.000000
-27.155207 0.270089 1.000000
-14.359798 -17.725418 1.000000
91.643339 27.254471 0.000000
-12.851341 14.293799 0.000000
4.926061 12.680874 1.000000
-61.360150 16.880590 1.000000
39.416894 84.246969 0.000000
52.682486 -83.926837 0.000000
15.981942 58.274526 0.000000
3.582612 4.103488 1.000000
-23.355166 26.303390 1.000000
43.186956 -49.832370 0.000000
10.958234 27.052293 0.000000
-18.604589 -36.393111 0.000000
49.757346 -41.103053 0.000000
-2.555214 8.772494 1.000000
-10.466647 -5.096502 0.000000
23.582758 38.807556 1.000000
-9.065769 35.386581 1.000000
73.551312 55.966455 0.000000
1.198914 2.409796 1.000000
-25.772029 21.913718 1.000000
0.911990 8.836425 1.000000
10.007795 -17.590700 1.000000
-16.475047 37.553885 1.000000
35.843591 -57.106150 0.000000
-74.807391 16.194530 0.000000
-26.131706 21.454319 1.000000
13.473651 -13.846477 1.000000
31.222903 -39.955198 1.000000
-14.384467 -35.422261 0.000000
92.495568 19.804056 0.000000
16.058177 -29.520148 0.000000
-92.107704 -1.638325 1.000000
-0.389246 4.719024 1.000000
46.643730 -25.190238 1.000000
-26.368900 -64.392455 0.000000
-91.424856 5.306037 1.000000
-14.331165 1.552576 0.000000
-13.223899 4.607005 0.000000
21.265488 57.253734 0.000000
-79.477783 51.494181 1.000000
2.735025 -21.027712 1.000000
7.207144 10.503319 1.000000
6.879300 -0.137525 0.000000
79.225306 -15.112867 1.000000
37.015822 86.532182 0.000000
45.220593 43.235721 0.000000
95.423504 -23.235664 0.000000
-58.087139 18.761283 1.000000
72.844881 58.740883 0.000000
30.458216 -17.188331 0.000000
44.343202 15.556448 1.000000
-3.849123 41.307595 1.000000
-20.899198 50.109574 0.000000
0.122246 9.395990 1.000000
15.303148 -33.274190 0.000000
48.261439 -49.159535 0.000000
-23.929505 26.261247 1.000000
1.728676 44.071768 1.000000
20.474969 -30.597505 0.000000
-30.647380 4.342932 1.000000
-23.311165 -16.086462 1.000000
52.829850 57.002915 1.000000
-55.281275 -41.606524 0.000000
-13.187061 3.007518 0.000000
17.840582 -9.359613 1.000000
5.290781 -0.347497 0.000000
31.355302 34.392281 1.000000
50.172072 -12.462628 1.000000
11.758279 -17.755371 1.000000
35.958824 -36.879943 1.000000
78.037591 52.739765 0.000000
-28.450169 -5.105448 1.000000
27.430240 85.982275 0.000000
-27.997785 19.059617 1.000000
-47.069397 2.545399 0.000000
-24.272671 -9.682253 1.000000
-15.454314 9.088218 0.000000
-3.654027 38.862001 1.000000
96.096923 16.031284 0.000000
-45.758481 -0.116602 0.000000
-39.247210 -38.576751 1.000000
0.167708 -23.019512 1.000000
-46.565796 -36.015829 1.000000
-77.139661 16.604162 0.000000
-14.348829 7.290821 0.000000
35.196211 -7.553560 0.000000
-3.018056 -51.452112 1.000000
-89.360537 24.474697 1.000000
-10.848014 55.401831 0.000000
-91.729764 14.665372 1.000000
80.508620 -4.010803 1.000000
-29.260226 12.763028 1.000000
24.302850 -81.332868 1.000000
-7.005627 19.593263 0.000000
-74.062891 0.172747 0.000000
9.356791 25.369578 0.000000
-30.313540 6.175363 1.000000
-18.315892 48.991338 0.000000
-15.045483 15.881210 0.000000
17.600982 7.924902 1.000000
-7.396160 -4.339909 0.000000
-51.646686 85.857373 1.000000
18.240712 -2.884081 1.000000
-9.113639 -36.470258 0.000000
-56.996502 28.343303 1.000000
30.875024 49.979490 0.000000
47.300188 4.732646 1.000000
-12.005062 -19.007657 1.000000
-30.039910 -46.502047 1.000000
63.861403 69.072450 0.000000
44.543847 11.153913 1.000000
-24.927316 -12.844979 1.000000
3.586543 12.558872 1.000000
-30.295528 0.400145 1.000000
68.099465 -42.208735 1.000000
-2.077991 -4.148575 0.000000
2.994924 4.665952 0.000000
4.933572 -5.642403 0.000000
40.376076 -51.627556 0.000000
-5.860041 -38.907447 0.000000
98.077237 -10.819502 0.000000
-10.339741 -51.479953 1.000000
-29.376896 65.114473 1.000000
6.022451 24.296220 0.000000
26.651170 -19.463146 0.000000
-27.115266 21.522579 1.000000
53.392142 -38.280697 0.000000
62.049895 -15.983184 0.000000
-23.486971 -80.611784 1.000000
2.425332 6.664381 1.000000
-30.127279 19.081513 1.000000
88.975717 30.873661 0.000000
1.252941 6.108077 1.000000
-19.106291 -14.085537 1.000000
-45.723832 -33.179674 1.000000
0.091196 7.839142 1.000000
5.508778 90.881324 0.000000
-26.816246 46.321921 0.000000
-18.894715 -15.464786 1.000000
-61.850571 -40.344968 0.000000
57.964072 -56.843081 1.000000
-13.619244 7.895706 0.000000
-57.645607 25.053861 1.000000
82.640886 -12.812801 1.000000
0.976724 73.469971 1.000000
-18.040928 -52.188846 1.000000
-3.450684 -4.376273 0.000000
-69.222074 35.290112 0.000000
-49.746033 64.221773 0.000000
11.911763 55.628519 0.000000
61.957607 -20.589813 0.000000
75.368758 -36.483949 1.000000
54.565525 -65.945823 1.000000
1.205872 2.708963 1.000000
20.489728 -31.968875 0.000000
29.985048 -62.393422 0.000000
-16.621178 70.267882 1.000000
20.985765 37.931734 1.000000
-90.323667 -12.708180 1.000000
34.333769 65.645875 1.000000
1.304160 -4.714979 0.000000
94.131092 24.249456 0.000000
-43.066706 14.731233 0.000000
-50.204784 38.250406 1.000000
-67.730216 -58.059513 1.000000
-4.709760 20.992973 0.000000
76.806303 27.765504 1.000000
3.290387 -1.799928 0.000000
-86.097259 41.730781 1.000000
-65.170010 -29.569789 0.000000
-72.978472 20.813152 0.000000
-16.122180 51.402457 0.000000
28.217320 -19.070447 0.000000
12.266440 9.962422 1.000000
93.433268 9.483973 0.000000
0.327938 6.384462 1.000000
11.153391 55.910874 0.000000
-58.276824 23.303939 1.000000
16.669661 -11.607743 1.000000
-16.072579 85.536336 0.000000
5.679575 4.078865 0.000000
-60.737079 -35.261510 0.000000
-55.634031 -67.112571 1.000000
-69.124964 -28.970408 0.000000
98.655861 9.759842 0.000000
5.268288 25.694407 0.000000
-33.888210 -42.463827 1.000000
-40.348753 26.285808 0.000000
19.876221 2.293888 1.000000
-67.196481 -34.425687 0.000000
0.904309 -51.561087 1.000000
-28.949212 0.230922 1.000000
-6.480448 87.112334 0.000000
-55.893264 -19.035787 1.000000
0.392162 6.314639 1.000000
28.771370 71.844195 1.000000
25.602529 -60.625294 0.000000
-50.355357 -23.429255 1.000000
-37.832822 -77.318021 1.000000
-48.536428 44.719828 1.000000
1.274561 -21.233747 1.000000
-35.114562 -18.701072 0.000000
-44.154217 -36.882320 1.000000
2.326471 0.129686 0.000000
3.266396 -22.987586 1.000000
10.992365 11.257433 1.000000
75.730438 25.580415 1.000000
-75.185689 2.776974 0.000000
-19.032290 30.727091 1.000000
43.614509 -69.201561 1.000000
19.067014 39.870335 1.000000
-55.611018 -67.003966 1.000000
-91.574921 5.625046 1.000000
-55.781361 80.519820 1.000000
-9.307204 19.645495 0.000000
-85.392966 41.364930 1.000000
-28.446349 -3.469563 1.000000
-9.309164 70.268288 1.000000
-8.490559 -3.638488 0.000000
-38.107910 77.200942 0.000000
87.706052 44.308350 0.000000
78.724431 -2.443868 1.000000
60.806724 -54.384465 1.000000
-13.565390 68.248945 1.000000
-72.267597 64.963357 1.000000
83.482837 -52.817866 0.000000
88.065256 -44.218763 0.000000
-29.433628 14.993640 1.000000
17.101613 58.082194 0.000000
69.148908 41.351524 1.000000
39.320538 -33.943632 1.000000
-17.439062 -67.752129 0.000000
-1.170632 42.886345 1.000000
-60.391955 7.712908 1.000000
87.242163 -49.830225 0.000000
24.632264 -78.943925 1.000000
-61.963668 -57.108867 1.000000
-78.283732 13.740948 0.000000
62.090226 -24.208257 0.000000
58.421486 -26.326032 0.000000
-15.015692 -34.123301 0.000000
41.099249 -28.195148 1.000000
-47.019187 90.650009 1.000000
-28.793860 -2.518403 1.000000
-26.351341 -10.760214 1.000000
0.328495 3.672313 1.000000
42.285104 65.415099 1.000000
16.855100 1.300175 1.000000
6.668998 13.606261 1.000000
8.087136 -66.760771 0.000000
51.781180 -84.154609 0.000000
-39.703133 93.242064 1.000000
6.163364 26.946803 0.000000
-42.463224 -74.929749 1.000000
10.230564 42.639270 1.000000
-4.128207 -20.330671 1.000000
3.384661 10.102599 1.000000
-5.420792 -8.520291 0.000000
-70.876873 -24.550964 0.000000
-12.538958 6.889068 0.000000
11.695704 11.475728 1.000000
47.109942 62.758164 1.000000
15.729376 4.366025 1.000000
-10.907066 -1.825761 0.000000
-42.412733 5.869723 0.000000
85.009637 39.288863 0.000000
-14.632942 31.663520 1.000000
26.114588 53.517758 0.000000
1.860212 10.104540 1.000000
6.055908 24.153706 0.000000
2.319542 10.112596 1.000000
7.488529 12.967688 1.000000
78.093008 55.040823 0.000000
-38.720827 26.667959 0.000000
61.359764 46.243848 1.000000
29.238221 -19.136532 0.000000
0.865039 28.070297 0.000000
-8.289474 -2.657720 0.000000
-30.219818 -45.666330 1.000000
-0.664281 1.904480 1.000000
21.898090 41.129300 1.000000
-8.334172 20.951799 0.000000
1.302613 -8.091811 0.000000
-5.550458 41.155943 1.000000
54.657489 59.018480 1.000000
-14.561735 2.294572 0.000000
57.878435 -56.938267 1.000000
54.374543 34.354333 0.000000
5.439014 -0.325055 0.000000
8.450229 -34.083041 0.000000
65.299946 44.693556 1.000000
26.623826 16.151177 0.000000
-3.132982 -34.786158 0.000000
50.199746 8.602465 1.000000
-63.420353 49.283844 0.000000
1.299325 2.497414 1.000000
37.822505 27.884022 1.000000
3.843494 11.203960 1.000000
8.259327 13.508244 1.000000
13.121668 10.621360 1.000000
7.216037 11.205655 1.000000
9.982383 -17.474374 1.000000
29.444329 -44.836864 1.000000
93.278602 29.147930 0.000000
43.787685 43.897578 0.000000
47.597589 77.360189 0.000000
-14.975113 10.022480 0.000000
22.610598 -49.157894 1.000000
-31.590708 6.763881 1.000000
-15.034258 -69.434495 0.000000
-11.035602 -1.438631 0.000000
17.134800 -12.454184 1.000000
1.811672 3.538603 1.000000
65.205167 -70.796247 0.000000
-38.191889 56.376038 1.000000
61.304805 67.977005 0.000000
-23.794913 -30.993092 0.000000
4.744985 -37.817554 0.000000
3.082608 -1.373451 0.000000
95.130409 -13.286971 0.000000
-13.001176 53.248896 0.000000
-54.553951 84.544701 1.000000
-19.297283 -48.382203 1.000000
22.469548 37.875743 1.000000
-12.375372 10.903209 0.000000
49.963221 2.483813 1.000000
-77.895598 -38.095191 1.000000
51.621131 -2.573868 1.000000
-65.457406 -29.055678 0.000000
49.743698 -10.328559 1.000000
-70.212614 41.636944 0.000000
74.873683 -28.096999 1.000000
-8.859885 38.726090 1.000000
-59.874770 10.929820 1.000000
-23.656312 85.218830 0.000000
0.041256 6.934729 1.000000
82.025641 -54.332538 0.000000
26.830563 39.429436 1.000000
-43.549783 8.780692 0.000000
59.540944 21.543985 0.000000
17.245835 25.947662 0.000000
64.737208 1.250167 0.000000
22.847124 72.450021 1.000000
17.652411 -47.373695 1.000000
-77.140788 -6.702635 0.000000
-42.803793 13.282140 0.000000
4.521792 -1.617142 0.000000
40.032016 48.977952 0.000000
11.511844 42.793187 1.000000
70.078185 35.685023 1.000000
-28.170019 12.576983 1.000000
11.593514 9.546818 1.000000
-2.629083 6.106791 1.000000
7.605718 9.478137 1.000000
5.769609 -19.506752 1.000000
-20.193181 -33.934969 0.000000
-43.361069 72.729359 0.000000
17.339945 8.187016 1.000000
1.124335 6.279914 1.000000
-59.849202 1.639417 1.000000
-12.897517 7.873487 0.000000
24.374218 72.194318 1.000000
-52.713183 -18.126853 1.000000
20.521575 38.305998 1.000000
1.222468 -5.505147 0.000000
80.251758 48.408621 0.000000
51.700505 -41.062818 0.000000
-8.429493 -3.790307 0.000000
20.794378 -3.655995 1.000000
11.219791 11.888592 1.000000
-48.692293 -68.584866 1.000000
5.714232 11.496633 1.000000
-17.143412 -19.658455 1.000000
-4.583611 -5.798502 0.000000
2.515249 2.874479 1.000000
31.272212 -41.319081 1.000000
11.438083 -82.131620 1.000000
23.205680 70.014960 1.000000
18.689181 6.063220 1.000000
-0.393668 5.645142 1.000000
-7.424222 89.291869 0.000000
-75.418481 -10.921114 0.000000
-4.790946 23.627268 0.000000
67.325526 1.527795 0.000000
-5.475880 -6.133065 0.000000
-78.111975 10.454939 0.000000
25.561833 16.606510 0.000000
-1.276340 4.329519 1.000000
-16.081323 3.163826 0.000000
-30.137972 -25.615279 0.000000
1.900367 -2.442794 0.000000
3.578771 -21.398710 1.000000
-35.858248 -20.585668 0.000000
-2.042888 58.260662 0.000000
-73.855456 -11.143943 0.000000
-0.199203 -70.838323 0.000000
-28.399352 -66.445109 0.000000
-57.456518 -15.569797 1.000000
39.173019 -54.611483 0.000000
79.799028 0.838220 1.000000
15.430002 -51.747165 1.000000
20.106050 24.645545 0.000000
-6.535240 -23.205969 1.000000
32.633789 -15.610801 0.000000
-80.746876 56.437289 1.000000
0.528613 4.863977 1.000000
-40.456049 -14.736460 0.000000
15.749758 -6.522269 1.000000
1.042466 5.074535 1.000000
2.413623 -0.116024 0.000000
-7.312138 -4.416782 0.000000
20.284498 1.276665 1.000000
6.808856 -1.449944 0.000000
2.553409 -3.280871 0.000000
-53.434298 38.815417 1.000000
51.772739 1.612890 1.000000
-61.826795 -4.386904 1.000000
-78.123706 -39.230135 1.000000
41.215951 66.420075 1.000000
1.061219 89.474593 0.000000
-60.257083 -61.015214 1.000000
-45.357430 -29.068221 1.000000
-27.371251 -78.897482 1.000000
-71.308702 -15.125558 0.000000
35.299086 -4.320590 0.000000
4.126258 -2.166335 0.000000
88.147345 39.161984 0.000000
-9.651578 -0.423951 0.000000
15.277789 55.118401 0.000000
-2.808276 -39.382263 0.000000
36.181235 -1.834117 0.000000
-54.965622 36.046301 1.000000
37.255699 -73.829114 1.000000
1.566293 3.115863 1.000000
-60.635990 -10.700661 1.000000
-4.329102 21.412145 0.000000
5.148239 9.767410 1.000000
-63.014278 71.582799 1.000000
40.545272 30.537121 1.000000
46.609474 -18.006096 1.000000
42.162145 46.599449 0.000000
-74.037614 6.070071 0.000000
-56.877338 -45.768895 0.000000
-0.901057 3.363288 1.000000
63.523872 -3.252638 0.000000
-46.371304 7.737960 0.000000
32.672845 -79.700021 1.000000
98.678488 -1.733153 0.000000
3.950616 11.850661 1.000000
5.410242 2.067609 0.000000
-60.558277 23.819275 1.000000
53.945479 75.454301 0.000000
-6.276686 56.244294 0.000000
58.869604 -28.030307 0.000000
-68.092765 40.626065 0.000000
-41.400761 -13.267750 0.000000
29.976396 14.739600 0.000000
6.774766 2.028277 0.000000
40.207261 -70.825248 1.000000
-72.835105 -13.952965 0.000000
-37.190924 54.947444 1.000000
-25.480577 -7.480514 1.000000
59.869049 70.672245 0.000000
0.574703 87.805925 0.000000
26.073043 -42.962066 1.000000
60.974146 25.777531 0.000000
-50.487860 69.060465 0.000000
-28.412956 -1.548173 1.000000
-2.084679 -4.967308 0.000000
6.236217 -51.261539 1.000000
-30.937011 -26.683195 0.000000
84.636618 45.795448 0.000000
27.528877 -24.027563 0.000000
2.885041 -19.491708 1.000000
43.765197 -51.384129 0.000000
-19.369760 83.631320 0.000000
8.359355 9.651945 1.000000
-12.860040 -83.330894 1.000000
51.168167 76.625708 0.000000
5.477107 44.411709 1.000000
32.681109 -40.068453 1.000000
61.670242 50.252372 1.000000
-1.585233 25.848068 0.000000
-42.306542 17.942833 0.000000
-12.121454 17.458740 0.000000
-42.121046 52.365816 1.000000
1.638366 -2.800997 0.000000
23.534678 -61.558405 0.000000
-14.781382 -0.890379 0.000000
49.415406 -44.778435 0.000000
-36.533633 32.039441 0.000000
-10.074954 -0.243026 0.000000
-13.793894 6.354146 0.000000
91.503979 -36.291014 0.000000
25.407884 17.882531 0.000000
50.877220 61.561825 1.000000
57.281252 29.967465 0.000000
-71.209027 -22.862503 0.000000
69.096558 -46.374134 1.000000
27.554683 19.649781 0.000000
-0.281042 -19.205749 1.000000
45.674923 58.453866 1.000000
13.188753 26.435994 0.000000
1.283251 5.345529 1.000000
-35.054994 -60.656845 0.000000
77.911332 -54.190914 0.000000
27.168808 54.201197 0.000000
-64.693240 -57.863376 1.000000
-75.967506 -6.295077 0.000000
-0.721600 2.970891 1.000000
65.704882 39.342575 1.000000
1.122930 3.782146 1.000000
-12.576445 -68.544545 0.000000
-25.105607 67.390450 1.000000
-1.798736 -6.353310 0.000000
47.475510 -86.511809 0.000000
-19.557995 -12.051992 1.000000
-26.666185 16.134140 1.000000
-0.335882 8.615940 1.000000
9.881974 10.316352 1.000000
94.709344 7.773829 0.000000
-10.599792 35.547151 1.000000
61.356675 18.648297 0.000000
-24.516809 65.388881 1.000000
62.487516 43.767603 1.000000
-1.496565 7.404345 1.000000
-57.595145 -14.752761 1.000000
-2.526850 -70.511220 0.000000
1.990266 6.326728 1.000000
17.589962 -32.139456 0.000000
-34.760805 59.080283 1.000000
-35.474168 -60.986512 0.000000
15.765549 6.407887 1.000000
-25.298971 -8.363037 1.000000
64.282741 -50.080463 1.000000
38.576938 -33.843789 1.000000
1.126585 -6.133830 0.000000
-39.878803 -14.725426 0.000000
-27.893467 81.574701 0.000000
-11.992269 -3.523098 0.000000
63.641685 17.797434 0.000000
85.976449 41.171414 0.000000
-1.045963 6.745391 1.000000
-8.979422 -6.857954 0.000000
-2.241723 87.236818 0.000000
-7.371237 17.351082 0.000000
12.605187 43.865407 1.000000
-25.967346 -7.152195 1.000000
53.118689 35.249393 0.000000
-33.729813 -20.157858 0.000000
19.287635 23.287960 0.000000
7.081142 59.112748 0.000000
18.272701 -10.191543 1.000000
65.640614 -7.968323 0.000000
1.121787 5.415206 1.000000
49.985779 36.607487 0.000000
29.698528 53.194891 0.000000
76.229985 -25.533306 1.000000
-46.049051 -32.473050 1.000000
75.820634 -33.781364 1.000000
19.532625 -9.109253 1.000000
65.562575 -7.905643 0.000000
-9.070611 -68.634138 0.000000
4.102778 -3.885210 0.000000
-17.043215 82.995829 0.000000
6.723131 41.435112 1.000000
18.754892 -8.952697 1.000000
3.191247 -2.005518 0.000000
-10.857963 -21.136035 1.000000
-74.543805 28.348224 0.000000
17.150854 6.849925 1.000000
-9.320790 -5.120375 0.000000
46.916552 18.117949 1.000000
31.762919 -20.615610 0.000000
-85.080477 -33.246126 1.000000
19.547302 55.922819 0.000000
4.882727 87.091367 0.000000
-15.691459 -18.490906 1.000000
-4.906378 -19.146529 1.000000
-2.845103 -23.629706 1.000000
-7.842959 -50.751297 1.000000
10.457456 26.162173 0.000000
7.301240 57.937306 0.000000
-28.823052 10.582079 1.000000
94.213730 -24.499485 0.000000
15.805218 6.378688 1.000000
-0.367213 -4.664715 0.000000
-1.649829 5.699679 1.000000
-22.472398 -11.775728 1.000000
17.638890 -6.382237 1.000000
17.656299 9.899286 1.000000
4.369794 -2.985017 0.000000
7.710443 10.453406 1.000000
-58.476105 30.026450 1.000000
4.416491 -0.393792 0.000000
-30.862382 7.770417 1.000000
-51.709341 43.024954 1.000000
-70.054171 30.060711 0.000000
2.827495 39.493095 1.000000
14.871309 -67.390884 0.000000
-10.260648 0.030139 0.000000
3.364517 0.112187 0.000000
-3.625652 -22.859224 1.000000
35.029847 -8.293739 0.000000
17.127645 0.845410 1.000000
7.887649 9.746705 1.000000
-39.423590 -36.196774 1.000000
-33.711137 38.609631 0.000000
5.080763 -2.150219 0.000000
13.909319 -50.244608 1.000000
-44.010220 53.669374 1.000000
-0.810538 -37.697855 0.000000
4.921078 -2.525818 0.000000
7.048294 -22.170917 1.000000
42.921609 -27.576018 1.000000
-25.036717 21.795163 1.000000
95.907865 -20.335020 0.000000
-60.404047 77.366323 1.000000
1.155926 -36.864859 0.000000
-13.104563 -82.023369 1.000000
-72.358100 39.546724 0.000000
75.733405 -63.792048 0.000000
51.512439 -3.192739 1.000000
-50.332733 64.584729 0.000000
-2.495900 -19.731860 1.000000
31.362684 84.667322 0.000000
-78.322903 0.037380 0.000000
11.674309 25.197770 0.000000
10.180988 -48.900549 1.000000
-76.170772 -43.214137 1.000000
20.241510 -4.644465 1.000000
63.892233 7.785536 0.000000
48.459816 -11.005800 1.000000
-59.151080 -3.658630 1.000000
-1.221120 38.063650 1.000000
-76.236253 -41.681437 1.000000
-20.981693 -64.813742 0.000000
-9.144931 55.724434 0.000000
10.156272 -35.808085 0.000000
12.385048 8.559845 1.000000
2.507387 -5.071565 0.000000
46.910326 -46.907256 0.000000
40.295141 63.188676 1.000000
16.571555 -3.070346 1.000000
-46.584983 86.178091 1.000000
82.574924 49.122075 0.000000
-7.755943 -37.166441 0.000000
0.472758 -7.552390 0.000000
-13.987541 13.089519 0.000000
-50.324690 -28.648160 1.000000
3.832290 2.207435 0.000000
32.332913 87.600838 0.000000
59.831783 -31.442632 0.000000
-20.633043 29.069887 1.000000
-12.749753 12.608091 0.000000
20.855466 -50.587259 1.000000
77.770898 20.003747 1.000000
39.357744 -56.290164 0.000000
29.029554 -14.552944 0.000000
13.775289 -17.142354 1.000000
1.557230 23.418718 0.000000
-74.579194 -48.492589 1.000000
59.625030 -33.299193 0.000000
0.388539 -7.891380 0.000000
-5.756691 24.296769 0.000000
-2.744661 -35.085035 0.000000
-63.638343 -61.796720 1.000000
-20.993713 -13.418284 1.000000
30.592005 8.295260 0.000000
25.527822 39.027119 1.000000
90.481017 33.463504 0.000000
-5.055266 21.949729 0.000000
22.868523 -28.236143 0.000000
39.560555 -56.589461 0.000000
48.007660 -1.117375 1.000000
-13.931964 34.216207 1.000000
-92.697421 -5.206907 1.000000
12.783705 -35.076845 0.000000
6.980784 0.790104 0.000000
-8.462697 -3.294962 0.000000
12.125584 -50.807767 1.000000
19.533772 71.631448 1.000000
-0.717079 4.716434 1.000000
21.840221 18.983110 0.000000
3.004681 -1.414088 0.000000
48.430780 5.145300 1.000000
-2.895757 -6.354956 0.000000
28.955528 -79.859040 1.000000
16.616563 -31.276218 0.000000
2.926544 8.127679 1.000000
13.948820 9.271082 1.000000
-10.072989 -1.938725 0.000000
20.985939 -79.146207 1.000000
39.077242 86.374206 0.000000
-12.124463 68.752866 1.000000
-58.686692 -64.315298 1.000000
-20.108940 -12.831376 1.000000
-15.156720 -49.625835 1.000000
-39.680540 -14.796366 0.000000
-57.116967 -14.427079 1.000000
-11.181503 10.541654 0.000000
34.981867 52.097252 0.000000
79.659522 49.585525 0.000000
55.393178 32.166463 0.000000
19.897938 55.640470 0.000000
-3.487025 -36.687582 0.000000
-72.791621 37.205166 0.000000
-8.391297 -4.893007 0.000000
-29.416759 -3.114385 1.000000
15.623926 25.329634 0.000000
6.011432 27.077949 0.000000
61.520101 -24.891542 0.000000
14.876479 -11.240274 1.000000
7.480009 27.505318 0.000000
0.749988 -21.739771 1.000000
-10.504421 -49.604244 1.000000
-36.180206 -20.725679 0.000000
78.789156 14.186709 1.000000
22.636297 -30.006209 0.000000
74.296258 -30.334291 1.000000
14.162189 -15.143477 1.000000
-6.717929 18.794357 0.000000
-55.433597 29.184331 1.000000
52.352602 -42.559456 0.000000
93.972929 -25.793737 0.000000
78.646088 8.575747 1.000000
-34.071924 60.420120 1.000000
-78.787440 -43.128937 1.000000
9.838933 9.491153 1.000000
63.818009 -11.370014 0.000000
44.762460 14.770778 1.000000
-43.123253 13.924892 0.000000
44.354354 -21.629591 1.000000
-8.988632 16.376584 0.000000
34.412627 5.683486 0.000000
-40.701795 -41.336681 1.000000
46.909515 9.196940 1.000000
66.543862 10.903746 0.000000
-41.285060 -10.763530 0.000000
81.514352 -9.067681 1.000000
-86.257690 34.089718 1.000000
-45.580060 -53.833859 0.000000
34.465842 -36.415235 1.000000
77.354437 -59.170022 0.000000
10.814062 25.706725 0.000000
-59.101730 18.026585 1.000000
-73.580566 19.901707 0.000000
-60.725979 6.486141 1.000000
13.055763 8.911462 1.000000
-92.913273 6.575110 1.000000
29.717688 37.205247 1.000000
-23.239690 -11.865017 1.000000
-41.133460 -12.318670 0.000000
-58.630990 -43.298345 0.000000
22.789167 70.611708 1.000000
-11.977085 38.578631 1.000000
32.663360 -60.286378 0.000000
-12.239937 18.369878 0.000000
53.888216 -64.417648 1.000000
6.092218 10.264307 1.000000
56.678180 51.767571 1.000000
38.531303 48.097921 0.000000
38.736377 83.089559 0.000000
22.867180 -25.113654 0.000000
10.641234 27.992329 0.000000
48.366222 -2.180750 1.000000
-13.086597 5.218608 0.000000
-58.247692 0.222638 1.000000
-38.232685 32.477497 0.000000
-1.329868 26.719484 0.000000
97.830329 -6.354279 0.000000
20.096043 -27.244633 0.000000
-23.023864 -49.923579 1.000000
-66.864565 41.458105 0.000000
30.938343 15.937748 0.000000
11.785291 -65.645412 0.000000
-77.022346 57.741453 1.000000
66.036409 -12.328697 0.000000
-32.549375 -21.262525 0.000000
-29.126255 16.250343 1.000000
-40.416615 21.447947 0.000000
-9.941275 -37.239378 0.000000
8.614213 -18.924394 1.000000
-4.764715 -7.336248 0.000000
80.531552 5.837813 1.000000
33.715105 -3.820458 0.000000
12.745717 57.787379 0.000000
22.426138 24.426532 0.000000
-34.262957 -44.046145 1.000000
-23.783259 -48.140869 1.000000
-41.795011 -35.729408 1.000000
5.243244 -1.080584 0.000000
17.160085 -66.766979 0.000000
-44.448990 -55.606323 0.000000
-26.058764 43.600328 0.000000
8.745033 -51.725606 1.000000
36.068882 -0.182650 0.000000
-17.433196 -17.727088 1.000000
9.391771 -81.685410 1.000000
37.375228 64.658515 1.000000
-55.681514 -67.034763 1.000000
63.696429 -3.820987 0.000000
-69.995040 32.981038 0.000000
4.637057 3.049565 0.000000
-60.280307 -12.011212 1.000000
-14.530846 3.293233 0.000000
3.123294 -65.874204 0.000000
-24.227269 -9.332123 1.000000
55.247987 57.740469 1.000000
15.413392 -12.905912 1.000000
-27.464356 -44.998136 1.000000
13.233945 72.557770 1.000000
15.012649 38.929687 1.000000
3.229024 10.501439 1.000000
60.737617 16.249104 0.000000
51.097788 -7.628593 1.000000
-13.319007 3.322587 0.000000
-67.142717 70.101225 1.000000
-79.764577 51.772462 1.000000
10.299927 11.479987 1.000000
-15.278263 54.305672 0.000000
3.445479 0.299285 0.000000
-63.259261 -34.181769 0.000000
5.905832 1.260756 0.000000
22.706291 -45.893940 1.000000
90.651473 -29.940735 0.000000
4.944032 27.009453 0.000000
79.142725 -19.654307 1.000000
-8.328059 -2.135099 0.000000
8.517481 -69.762360 0.000000
51.008548 -12.340559 1.000000
45.767276 -19.599096 1.000000
-21.374986 -35.131875 0.000000
40.267058 25.033927 1.000000
-87.907255 30.234747 1.000000
15.961837 74.401615 1.000000
-43.196541 91.968870 1.000000
24.806640 54.276517 0.000000
57.020873 -35.235141 0.000000
92.909588 -34.353818 0.000000
-92.887030 15.041572 1.000000
46.448475 -48.982293 0.000000
-55.048199 59.256081 0.000000
25.493396 38.369006 1.000000
77.061286 13.211072 1.000000
95.488555 -24.656692 0.000000
-73.835094 -1.948479 0.000000
48.088724 -7.458277 1.000000
-7.682903 53.700497 0.000000
20.918190 1.120379 1.000000
-0.848759 -6.066925 0.000000
9.291614 73.256822 1.000000
0.159852 -4.504222 0.000000
32.510305 -0.439875 0.000000
7.435303 10.165000 1.000000
-35.296424 41.042024 0.000000
-15.055007 87.147248 0.000000
-30.360824 41.031018 0.000000
-10.456508 19.048869 0.000000
29.371586 56.079532 0.000000
14.595936 -11.089676 1.000000
2.520025 73.073269 1.000000
-19.032800 -33.435517 0.000000
24.646072 85.759277 0.000000
-21.326603 50.168603 0.000000
34.111619 50.476743 0.000000
-85.312181 46.572933 1.000000
-15.165576 -33.778077 0.000000
-23.582815 27.073308 1.000000
30.972493 33.007597 1.000000
95.770996 -13.024750 0.000000
71.605698 -43.983398 1.000000
-0.856753 56.369310 0.000000
3.099475 0.073958 1.000000
20.955010 -4.458617 1.000000
16.891325 -9.748872 1.000000
30.646893 5.486321 0.000000
19.365473 -11.860492 1.000000
-62.499608 51.785908 0.000000
3.778286 1.178594 0.000000
-43.582964 23.166488 0.000000
1.110262 -6.017662 0.000000
0.696910 10.876962 1.000000
4.014978 41.166597 1.000000
-15.099716 15.103833 0.000000
-50.245026 -52.824966 0.000000
-55.453627 36.956576 1.000000
-74.735131 12.386675 0.000000
-20.234303 48.269047 0.000000
86.726993 -43.011247 0.000000
-18.923275 -33.033241 0.000000
-49.946833 -26.539108 1.000000
10.287079 -51.731098 1.000000
-16.983422 -36.488259 0.000000
-31.767758 -78.252424 1.000000
-5.192715 -8.249008 0.000000
73.138662 -65.509090 0.000000
-46.435128 1.010370 0.000000
16.584671 24.830403 0.000000
57.033030 56.756152 1.000000
-41.098569 -11.270072 0.000000
25.785902 -60.533455 0.000000
-40.170561 -7.735734 0.000000
-1.817284 54.439348 0.000000
10.006361 -15.874794 1.000000
-82.524379 -30.355817 1.000000
-14.604309 33.960634 1.000000
35.948862 -7.763853 0.000000
13.328424 -82.828428 1.000000
-43.842576 -53.797237 0.000000
21.244876 25.420097 0.000000
20.283516 -2.411502 1.000000
-54.638467 63.544034 0.000000
18.511302 -5.160392 1.000000
48.163689 60.008688 1.000000
-29.458916 41.826675 0.000000
50.461975 -6.191087 1.000000
-40.370150 53.623339 1.000000
40.322382 64.427888 1.000000
57.451996 21.991356 0.000000
-1.585121 87.145924 0.000000
32.925997 -38.060593 1.000000
6.589601 -2.043477 0.000000
-6.831838 -38.979115 0.000000
-0.298561 7.340328 1.000000
23.978163 16.234270 0.000000
-29.253798 16.447834 1.000000
19.763786 6.196160 1.000000
-20.660346 -10.314211 1.000000
-5.929603 -6.171395 0.000000
12.274538 -18.619966 1.000000
-0.556120 3.490953 1.000000
-24.076869 22.807943 1.000000
12.250983 12.522559 1.000000
19.549076 5.040127 1.000000
-47.629438 -52.402177 0.000000
42.989516 -53.174262 0.000000
-20.286795 -83.835584 1.000000
76.707553 -64.174387 0.000000
-4.554269 -23.179324 1.000000
15.938653 26.615131 0.000000
10.579276 -37.533807 0.000000
-36.869535 -79.221684 1.000000
13.127534 74.365948 1.000000
-56.109008 32.447924 1.000000
8.924626 43.424175 1.000000
5.823559 59.233095 0.000000
10.183976 43.835356 1.000000
16.274824 -4.083657 1.000000
40.398372 -32.555946 1.000000
-56.507969 25.593249 1.000000
87.549817 -40.973828 0.000000
34.793172 68.489357 1.000000
-36.265228 32.226374 0.000000
-86.900709 35.880171 1.000000
-15.658508 10.280341 0.000000
-0.462953 42.772062 1.000000
-36.608796 -45.114579 1.000000
9.452253 -20.129428 1.000000
4.470333 -22.136542 1.000000
48.733211 0.850568 1.000000
7.328074 57.388374 0.000000
-82.704618 49.859126 1.000000
-14.841452 9.349963 0.000000
64.360446 -14.030154 0.000000
36.744381 49.029049 0.000000
2.403035 2.788944 0.000000
4.848289 -49.804908 1.000000
1.431096 -22.516620 1.000000
65.200344 -73.390465 0.000000
-6.663281 20.983122 0.000000
-50.784858 43.533595 1.000000
12.297816 43.481264 1.000000
54.964064 -37.058165 0.000000
-29.833339 -22.856753 0.000000
-60.706094 16.947352 1.000000
-58.208651 0.394649 1.000000
-12.622311 52.525495 0.000000
20.281621 -2.336899 1.000000
-17.329169 53.563113 0.000000
-4.966190 -84.427867 1.000000
-32.287967 -79.841307 1.000000
-5.031809 -36.146833 0.000000
-47.839432 -72.360296 1.000000
-2.379795 25.108113 0.000000
60.640164 -51.396528 1.000000
20.791133 20.740141 0.000000
-0.142512 4.034905 1.000000
32.849965 2.832096 0.000000
-13.258151 -37.714249 0.000000
-14.277790 10.546414 0.000000
-56.930715 -5.543976 1.000000
58.059144 -81.837838 0.000000
-51.459185 -47.099154 0.000000
-26.600706 -2.753492 1.000000
45.475022 -90.565852 0.000000
-6.513072 -84.581545 1.000000
-73.670960 -49.462099 1.000000
-1.144385 55.637151 0.000000
-61.350577 11.907424 1.000000
14.752336 6.316960 1.000000
-2.271057 26.202399 0.000000
3.522589 -84.259281 1.000000
54.267195 33.026053 0.000000
33.103205 -38.158078 1.000000
66.232548 42.065490 1.000000
17.702511 -66.786787 0.000000
31.029321 6.223419 0.000000
-69.090382 -54.928900 1.000000
-42.875268 -5.358217 0.000000
-12.353291 68.391001 1.000000
64.679276 -48.530426 1.000000
7.642549 -1.708942 0.000000
34.320131 9.270843 0.000000
80.893579 -59.998582 0.000000
-12.645767 18.674212 0.000000
25.995342 -62.431955 0.000000
2.765833 -5.300284 0.000000
56.487190 28.586031 0.000000
5.583093 -65.568593 0.000000
29.234077 -16.825363 0.000000
-91.503050 28.897371 1.000000
-34.250171 -63.678495 0.000000
-52.663461 64.023873 0.000000
-25.319445 65.126864 1.000000
-9.830517 -68.494719 0.000000
28.457401 -23.293089 0.000000
-13.137881 16.638153 0.000000
10.318311 9.015062 1.000000
3.465638 -0.153645 0.000000
-8.983167 -50.807699 1.000000
97.850164 1.001975 0.000000
15.514884 89.528143 0.000000
-56.214213 -14.611826 1.000000
-30.551771 -44.358797 1.000000
-12.326778 -21.308373 1.000000
95.365671 -2.413546 0.000000
-41.803247 72.735679 0.000000
-5.072142 87.085789 0.000000
70.587366 -42.553444 1.000000
3.386123 -7.715431 0.000000
-76.546319 24.962676 0.000000
-14.104376 -17.397463 1.000000
-22.837117 -82.330417 1.000000
-0.304852 3.782581 1.000000
6.189551 2.863557 0.000000
42.184798 18.441080 1.000000
15.402654 -15.903999 1.000000
-91.593707 20.340646 1.000000
-30.093915 59.602564 1.000000
65.454288 -8.987937 0.000000
-36.338763 -42.969444 1.000000
19.692142 -48.257885 1.000000
48.493914 -16.709460 1.000000
0.399886 6.107312 1.000000
-58.363588 9.389004 1.000000
25.579882 -29.340326 0.000000
17.437031 -3.655599 1.000000
-3.709039 58.646786 0.000000
56.145664 73.441881 0.000000
74.138587 28.938685 1.000000
4.541835 73.205114 1.000000
1.173318 -84.509620 1.000000
34.096161 7.663698 0.000000
0.135006 -8.409156 0.000000
-0.712927 0.879104 1.000000
10.201499 -33.793819 0.000000
34.671029 -4.485390 0.000000
-12.115758 14.848358 0.000000
-78.310845 6.902672 0.000000
64.959161 -47.626733 1.000000
94.391852 21.619483 0.000000
38.698525 -29.952533 1.000000
1.741023 -52.033705 1.000000
-60.924883 16.640414 1.000000
30.749509 9.526527 0.000000
-52.890411 -44.932502 0.000000
18.356339 0.178613 1.000000
-92.393608 -10.090874 1.000000
79.404481 -8.005233 1.000000
-84.078752 38.524348 1.000000
5.713684 28.644022 0.000000
59.541466 -24.307291 0.000000
94.946619 20.130183 0.000000
5.866956 -35.583449 0.000000
-14.624784 84.586155 0.000000
7.657671 41.699807 1.000000
28.574059 71.898883 1.000000
-15.461148 -51.094515 1.000000
61.927371 13.056283 0.000000
72.179492 -38.941655 1.000000
-43.228071 -0.553091 0.000000
-36.866942 76.491667 0.000000
59.541068 26.667591 0.000000
-15.276608 12.130236 0.000000
20.289842 1.478775 1.000000
38.553695 -34.231045 1.000000
-46.987355 69.388242 0.000000
-2.184548 6.404815 1.000000
-90.083141 25.824597 1.000000
11.822905 8.294328 1.000000
80.891797 -50.556775 0.000000
23.105297 -26.278664 0.000000
46.475313 -18.831888 1.000000
1.879574 10.494916 1.000000
36.338571 68.257099 1.000000
-23.355490 67.621452 1.000000
-63.677941 48.554864 0.000000
46.300613 -87.832034 0.000000
98.487883 3.946786 0.000000
-27.753841 79.479722 0.000000
-3.241066 -23.582690 1.000000
-29.695531 4.707396 1.000000
-24.141875 -81.148924 1.000000
67.047791 -74.006089 0.000000
19.217605 38.698205 1.000000
20.480545 -63.055551 0.000000
73.117336 62.612238 0.000000
49.602440 9.368878 1.000000
0.079139 -8.340257 0.000000
54.259274 74.840273 0.000000
-48.847384 44.339432 1.000000
-29.909146 13.782082 1.000000
1.587343 -51.622714 1.000000
79.358239 -24.998770 1.000000
24.147630 52.390863 0.000000
18.141320 3.784873 1.000000
-47.236709 -30.357573 1.000000
4.965467 -52.185612 1.000000
-52.178105 -20.372170 1.000000
86.308713 -50.277746 0.000000
-46.181170 -28.954746 1.000000
-42.076334 16.180099 0.000000
-18.034641 69.952891 1.000000
44.273582 -23.477517 1.000000
-85.480791 -24.724346 1.000000
-3.417039 21.601548 0.000000
74.057989 -30.058089 1.000000
-69.171871 -54.032365 1.000000
13.208972 10.484143 1.000000
83.514981 -0.178439 1.000000
80.004110 -14.676483 1.000000
-8.216397 -19.884028 1.000000
87.520197 -45.411995 0.000000
-8.026034 -82.405456 1.000000
63.352595 -7.116928 0.000000
29.287166 84.551562 0.000000
11.625940 89.171137 0.000000
-12.338131 7.012280 0.000000
-31.702088 -45.803392 1.000000
77.840080 -17.125970 1.000000
5.089325 2.755549 0.000000
5.547985 -22.280431 1.000000
-26.577208 45.173710 0.000000
51.521318 -43.211130 0.000000
-2.175345 -6.280028 0.000000
-20.722944 50.424068 0.000000
-9.231375 -36.703641 0.000000
-0.795294 -20.162488 1.000000
-58.478092 12.801185 1.000000
14.274917 -17.793322 1.000000
66.740534 -5.593738 0.000000
3.723376 -7.629496 0.000000
-78.988996 54.871604 1.000000
-1.641627 7.413271 1.000000
23.619735 21.219963 0.000000
-43.494692 -9.412610 0.000000
28.265158 -62.628246 0.000000
-1.454115 7.132557 1.000000
42.623652 43.727587 0.000000
39.057972 25.084124 1.000000
60.814148 -75.851814 0.000000
22.949312 -64.740678 0.000000
16.281817 8.712629 1.000000
3.835383 8.187466 1.000000
-57.731043 59.185193 0.000000
-10.767198 -18.764133 1.000000
-50.399673 66.086548 0.000000
96.537452 -17.694246 0.000000
21.941635 -45.065673 1.000000
-28.336408 -3.361157 1.000000
-12.144570 34.316277 1.000000
44.823526 -20.264923 1.000000
-2.591476 -82.986382 1.000000
60.707960 50.978006 1.000000
-46.899871 -53.793340 0.000000
-3.813125 -23.122807 1.000000
-59.616565 53.697023 0.000000
17.451682 -0.419619 1.000000
24.147291 -26.262393 0.000000
-39.660788 27.746197 0.000000
41.379651 24.794597 1.000000
-83.665325 -25.024368 1.000000
-27.992010 24.195667 1.000000
15.025274 11.652028 1.000000
7.883969 -67.270227 0.000000
-28.236921 -3.553727 1.000000
-23.293512 -9.047774 1.000000
-28.995402 2.459410 1.000000
-26.080809 16.107404 1.000000
-75.140138 29.188410 0.000000
34.351412 -60.403969 0.000000
-43.842400 71.125614 0.000000
77.265220 21.701892 1.000000
-5.364463 22.051543 0.000000
-25.141833 17.502389 1.000000
11.320077 -34.288253 0.000000
0.400622 55.583312 0.000000
-10.913620 36.861004 1.000000
6.033044 25.574560 0.000000
-36.101940 -21.271992 0.000000
46.775124 41.150757 0.000000
24.716120 88.177888 0.000000
50.413387 59.483109 1.000000
-82.942056 -33.781097 1.000000
-24.883280 -26.828637 0.000000
-6.056528 38.620836 1.000000
8.769184 10.230256 1.000000
6.033128 75.682797 1.000000
19.312642 1.703497 1.000000
-29.174154 7.683136 1.000000
-40.762235 -6.891372 0.000000
35.283271 1.153903 0.000000
70.605587 37.023817 1.000000
49.641088 -17.901869 1.000000
-74.813835 -9.323445 0.000000
-0.000728 6.215377 1.000000
78.797167 -59.676694 0.000000
1.691960 7.894319 1.000000
-85.088190 -24.664087 1.000000
81.506223 2.118610 1.000000
26.120456 -24.733404 0.000000
60.961138 -81.089575 0.000000
1.803244 1.883655 1.000000
2.648816 0.343396 0.000000
-24.976995 22.267344 1.000000
33.668810 -13.916761 0.000000
96.781636 2.784594 0.000000
-22.485970 -63.136328 0.000000
-3.373511 -8.349124 0.000000
-28.428288 9.007663 1.000000
31.614799 7.111127 0.000000
-37.840699 77.969394 0.000000
70.901669 33.957496 1.000000
-24.006939 -32.116204 0.000000
17.595456 5.797723 1.000000
-11.555550 19.832288 0.000000
-11.967595 12.828342 0.000000
11.367190 26.554202 0.000000
30.889454 14.365162 0.000000
46.773685 -12.525801 1.000000
-9.395700 39.390769 1.000000
72.269286 62.973430 0.000000
-88.164703 24.111098 1.000000
3.077500 -85.703807 1.000000
9.554654 10.277210 1.000000
91.160104 33.139843 0.000000
4.420307 -20.080188 1.000000
-15.024340 10.032363 0.000000
-26.317211 83.408999 0.000000
-1.641966 4.420323 1.000000
-9.495988 18.721710 0.000000
-9.393223 20.318148 0.000000
2.419040 -38.436547 0.000000
-62.074294 -33.333905 0.000000
-2.021363 72.877681 1.000000
-11.651890 -19.880332 1.000000
33.424534 -74.664814 1.000000
14.878919 -82.467001 1.000000
-39.592130 -76.743688 1.000000
2.693096 -54.989042 1.000000
-30.329723 -27.527228 0.000000
-17.996568 -64.836955 0.000000
-28.823712 6.396915 1.000000
1.565955 43.617293 1.000000
6.786726 27.380646 0.000000
-32.077410 -60.701289 0.000000
28.006970 69.041995 1.000000
0.890887 5.764698 1.000000
-9.590328 -67.899285 0.000000
8.265664 -20.670796 1.000000
9.140866 11.532219 1.000000
74.272271 25.719593 1.000000
2.242002 -53.070764 1.000000
-20.494934 30.702103 1.000000
4.176204 56.384037 0.000000
57.132579 -33.887192 0.000000
23.034662 17.965471 0.000000
-88.561875 -22.268587 1.000000
55.930738 -80.073023 0.000000
-59.243480 25.307440 1.000000
11.496921 71.616296 1.000000
-2.842189 27.010593 0.000000
-1.845639 -5.688055 0.000000
-44.030866 11.950552 0.000000
40.768365 29.296724 1.000000
46.393060 -24.986676 1.000000
9.561065 -68.053656 0.000000
-44.927591 -5.862544 0.000000
12.489226 23.016465 0.000000
26.849126 36.489345 1.000000
-43.147612 24.638619 0.000000
42.364901 -29.135317 1.000000
-62.948887 56.112999 0.000000
-13.748234 -21.009635 1.000000
7.181300 59.365857 0.000000
55.631412 -38.084407 0.000000
-5.426730 -19.712832 1.000000
-14.515110 1.671071 0.000000
-15.319612 2.261099 0.000000
8.196235 40.149486 1.000000
19.206777 -80.641377 1.000000
-49.023564 40.359939 1.000000
31.937934 -7.353375 0.000000
-28.487937 45.374170 0.000000
32.757338 -2.296930 0.000000
66.404915 -2.182951 0.000000
-34.358653 37.420736 0.000000
76.721709 16.302146 1.000000
61.945906 51.992756 1.000000
16.930648 -28.897233 0.000000
32.102487 54.583127 0.000000
57.670759 21.090555 0.000000
-23.008950 82.952177 0.000000
33.106384 -77.901533 1.000000
49.118822 14.934231 1.000000
-1.315266 23.428781 0.000000
48.419177 77.999239 0.000000
-6.062247 -21.807870 1.000000
40.118688 46.662649 0.000000
0.157464 -4.724567 0.000000
-23.653016 45.129356 0.000000
46.842013 -14.267304 1.000000
-74.630813 3.328143 0.000000
3.644623 73.750496 1.000000
-40.149927 -59.183679 0.000000
48.984812 8.704328 1.000000
34.090478 8.343899 0.000000
-9.803896 -2.371217 0.000000
-27.701440 62.894041 1.000000
64.696187 16.178624 0.000000
-5.531017 23.621933 0.000000
1.395130 2.102167 0.000000
80.953053 12.769912 1.000000
66.270857 6.409524 0.000000
-32.037715 43.130628 0.000000
-5.145688 -7.326636 0.000000
17.134105 40.266515 1.000000
-33.363352 80.830430 0.000000
28.250716 -42.443016 1.000000
16.865719 25.298764 0.000000
41.692410 24.085029 1.000000
52.279899 56.872641 1.000000
-3.314784 -5.313008 0.000000
56.718788 -60.843776 1.000000
-2.956549 23.291271 0.000000
14.349361 7.894233 1.000000
45.495588 10.350003 1.000000
87.380624 -39.810173 0.000000
-44.177552 72.580715 0.000000
79.779081 51.231931 0.000000
16.351429 75.016684 1.000000
11.695948 -35.126325 0.000000
0.907010 -6.899303 0.000000
8.806506 28.618239 0.000000
30.636450 -79.175622 1.000000
-89.578950 -10.428076 1.000000
0.462238 41.446780 1.000000
-36.301034 -20.398066 0.000000
31.912791 -3.166657 0.000000
20.262945 0.224815 1.000000
11.013168 -18.040918 1.000000
-16.549203 30.637216 1.000000
34.319226 32.668983 1.000000
65.440894 -52.363511 1.000000
-70.628445 -21.600688 0.000000
23.709826 21.698033 0.000000
-40.059251 31.835404 0.000000
18.320195 -3.138171 1.000000
-1.475538 -4.805154 0.000000
80.420825 -24.972382 1.000000
33.146524 2.350364 0.000000
4.640883 1.609416 0.000000
-86.119759 -28.597653 1.000000
48.263773 -14.731473 1.000000
35.363471 -55.271081 0.000000
28.087359 16.183148 0.000000
33.843164 -5.838365 0.000000
-37.196710 35.377091 0.000000
-24.340070 -31.692113 0.000000
-39.225891 30.396311 0.000000
-53.506032 -43.141065 0.000000
-56.839497 57.805222 0.000000
-22.921845 -67.078441 0.000000
2.042570 10.280749 1.000000
44.941515 43.161143 0.000000
-31.159341 8.026350 1.000000
-72.480858 -49.347792 1.000000
-16.040515 -16.012624 1.000000
