21
300
0.177953 0.916725 0.046096 0.196500 0.005441 149.429373 0.642072 0.580630 0.782128 2.221572 54.750078 56.853175 59.902826 29.724488 14.976124 216.206691 0.253230 0.262958 0.277063 0.137482 0.069268 0.000000
0.084317 0.838640 0.022309 0.260077 0.006662 140.697176 0.671628 0.574934 0.823474 2.269373 53.787283 62.121042 64.280086 46.886447 22.314317 249.389174 0.215676 0.249093 0.257750 0.188005 0.089476 0.000000
0.203339 0.461543 0.010362 0.128462 0.005568 114.903886 0.590009 0.600862 0.747921 2.263142 223.211798 222.580508 214.617820 99.488832 25.049601 784.948559 0.284365 0.283561 0.273416 0.126746 0.031912 1.000000
0.180367 1.151425 0.112369 0.142559 0.002756 244.089853 0.628599 0.591324 0.675037 1.987056 197.662389 69.229924 85.064935 44.137675 12.273836 408.368759 0.484029 0.169528 0.208304 0.108083 0.030056 1.000000
0.205154 0.958096 0.052209 0.184567 0.005089 150.094213 0.637452 0.584948 0.777374 2.201719 74.674128 82.704629 66.801083 42.555149 18.570724 285.305713 0.261734 0.289881 0.234139 0.149156 0.065091 0.000000
0.159010 0.882948 0.044143 0.224446 0.005411 160.098739 0.665077 0.577906 0.800404 2.226431 76.204938 67.496124 77.813842 42.460599 22.556738 286.532241 0.265956 0.235562 0.271571 0.148188 0.078723 0.000000
0.191356 0.668718 0.034030 0.125137 0.005013 128.616908 0.557015 0.600793 0.737361 2.229870 994.544741 623.631401 821.172117 335.091152 112.013136 2886.452546 0.344556 0.216055 0.284492 0.116091 0.038807 1.000000
0.184697 0.931145 0.045989 0.189935 0.005156 148.261492 0.718502 0.583971 0.775429 2.221602 73.799202 70.517284 77.580647 38.470027 15.734022 276.101183 0.267290 0.255404 0.280986 0.139333 0.056986 0.000000
0.184095 0.369773 0.011686 0.127819 0.005861 103.693023 0.539137 0.602559 0.738501 2.270331 332.323185 286.671016 387.480688 122.877420 37.600018 1166.952327 0.284779 0.245658 0.332045 0.105298 0.032221 1.000000
0.252277 1.001871 0.081090 0.146532 0.002995 234.326839 0.658048 0.588788 0.687886 2.049826 85.720448 47.128105 37.597590 13.234955 9.540099 193.221197 0.443639 0.243908 0.194583 0.068496 0.049374 0.500000
0.285821 0.286436 0.063987 0.099662 0.004004 130.248639 0.534211 0.601843 0.706230 2.120027 969.590800 658.441357 491.829557 201.150498 132.208074 2453.220285 0.395232 0.268399 0.200483 0.081994 0.053892 1.000000
0.128196 0.956778 0.095172 0.225767 0.004915 184.335399 0.625148 0.576283 0.807185 2.166168 65.988174 66.108009 68.552842 43.617876 24.180997 268.447898 0.245814 0.246260 0.255367 0.162482 0.090077 0.000000
0.185949 0.680467 0.225954 0.174313 0.002769 275.542832 0.626761 0.585038 0.760952 1.954564 56.577805 47.835848 46.910301 22.330870 10.192097 183.846921 0.307744 0.260194 0.255160 0.121464 0.055438 0.000000
0.081371 0.867955 0.095030 0.278010 0.005631 163.949926 0.630057 0.574900 0.825021 2.196806 61.157992 68.301634 73.672076 58.637213 24.619854 286.388769 0.213549 0.238493 0.257245 0.204747 0.085967 0.000000
0.070845 0.688425 0.006056 0.301920 0.008457 97.467850 0.658429 0.579146 0.783753 2.282827 53.606272 52.149460 69.657071 72.474652 9.933154 257.820608 0.207921 0.202270 0.270177 0.281105 0.038527 0.000000
0.211739 0.972668 0.049296 0.217162 0.004950 173.709716 0.622443 0.579880 0.792475 2.193429 76.521761 64.594779 59.993123 39.748589 21.079352 261.937605 0.292137 0.246604 0.229036 0.151748 0.080475 0.000000
0.218850 0.395537 0.014085 0.142217 0.006670 93.452229 0.546497 0.593817 0.743358 2.266460 819.676141 716.523718 1286.712250 359.628656 117.096782 3299.637547 0.248414 0.217152 0.389956 0.108990 0.035488 1.000000
0.272043 0.369735 0.034131 0.086438 0.003943 122.411687 0.540821 0.604488 0.675103 2.157720 688.712754 507.870133 337.841831 99.672997 48.178466 1682.276181 0.409393 0.301895 0.200824 0.059249 0.028639 1.000000
0.207384 0.449597 0.006365 0.126354 0.006698 94.757598 0.536528 0.600931 0.761298 2.281358 943.848143 794.422166 1449.192506 449.357878 172.725299 3809.545993 0.247759 0.208535 0.380411 0.117956 0.045340 1.000000
0.294849 0.641276 0.046444 0.114566 0.003295 212.385897 0.619051 0.596184 0.681398 2.063151 98.321266 46.922188 30.430790 15.397585 10.401874 201.473703 0.488010 0.232895 0.151041 0.076425 0.051629 0.500000
0.309758 0.866987 0.250628 0.172304 0.001877 471.199483 0.614668 0.584679 0.711889 1.775480 53.864543 31.770484 18.614544 9.646405 9.112326 123.008302 0.437894 0.258279 0.151328 0.078421 0.074079 0.500000
0.130945 0.890050 0.030373 0.238880 0.005904 145.862524 0.696753 0.578766 0.800269 2.243679 63.594664 59.351840 63.185320 45.972691 17.612493 249.717007 0.254667 0.237676 0.253028 0.184099 0.070530 0.000000
0.229857 0.314842 0.006595 0.127105 0.006620 94.582542 0.491576 0.599304 0.747826 2.271504 558.445086 988.571939 958.639983 407.551952 78.850654 2992.059614 0.186642 0.330398 0.320395 0.136211 0.026353 1.000000
0.232366 0.431122 0.028833 0.162645 0.005533 121.779765 0.562828 0.592411 0.762461 2.231888 121.754473 168.421672 175.313201 83.857653 27.522456 576.869455 0.211061 0.291958 0.303904 0.145367 0.047710 1.000000
0.177864 0.733880 0.025126 0.221022 0.004912 173.453684 0.670874 0.581847 0.770507 2.208069 55.490882 42.639274 37.551683 24.606044 10.384718 170.672601 0.325131 0.249831 0.220022 0.144171 0.060846 0.000000
0.001094 0.711772 0.008312 0.429788 0.009455 129.658755 0.709010 0.563083 0.890424 2.290008 53.496837 47.755619 71.232607 77.348513 46.322435 296.156011 0.180637 0.161252 0.240524 0.261175 0.156412 0.000000
0.316524 0.765387 0.129254 0.117905 0.002620 272.445889 0.639799 0.594047 0.674010 1.943500 74.756223 48.051256 19.668243 13.230488 8.116801 163.823011 0.456323 0.293312 0.120058 0.080761 0.049546 0.500000
0.121463 1.091312 0.108373 0.119063 0.002449 237.623509 0.597105 0.584723 0.659032 1.970835 255.970742 131.053068 92.405970 42.288991 12.252278 533.971050 0.479372 0.245431 0.173054 0.079197 0.022946 0.500000
0.204341 0.380397 0.005987 0.162792 0.007463 87.980153 0.514936 0.594629 0.780234 2.277491 524.482395 437.689090 1019.950938 325.638379 152.511594 2460.272396 0.213181 0.177903 0.414568 0.132359 0.061990 1.000000
0.091177 0.903150 0.037941 0.316119 0.006416 151.756856 0.606748 0.573408 0.835821 2.238395 77.423249 65.349977 75.264515 73.320056 29.000747 320.358545 0.241677 0.203990 0.234938 0.228869 0.090526 0.000000
0.268308 0.761458 0.031930 0.158015 0.004587 158.136034 0.640191 0.587704 0.736749 2.196240 64.298664 54.872598 45.313099 20.368221 8.794069 193.646651 0.332041 0.283365 0.233999 0.105182 0.045413 0.000000
0.167494 0.850349 0.032365 0.218031 0.005272 166.178170 0.706388 0.576708 0.785746 2.215872 78.083369 67.679636 64.681167 38.990269 21.039161 270.473603 0.288691 0.250226 0.239140 0.144156 0.077786 0.000000
0.223736 0.169895 0.046094 0.103094 0.005037 104.803547 0.470554 0.604870 0.688984 2.148631 375.821975 602.588474 342.024451 156.792116 50.565587 1527.792602 0.245990 0.394418 0.223868 0.102627 0.033097 1.000000
0.241730 1.004944 0.084548 0.166773 0.004514 162.804822 0.645923 0.585720 0.764541 2.162197 64.662489 66.466627 64.449318 29.748885 13.785125 239.112443 0.270427 0.277972 0.269536 0.124414 0.057651 0.000000
0.233106 0.778456 0.043918 0.209303 0.004265 196.183636 0.639496 0.581233 0.758209 2.156814 78.182194 54.460953 44.706241 27.767706 14.251481 219.368575 0.356397 0.248262 0.203795 0.126580 0.064966 0.000000
0.297652 0.551988 0.036657 0.105242 0.004114 153.863980 0.631257 0.594512 0.709510 2.132129 204.474897 186.276286 89.836191 53.314956 26.205835 560.108166 0.365063 0.332572 0.160391 0.095187 0.046787 1.000000
0.178340 0.823213 0.031142 0.216973 0.005306 160.777019 0.697297 0.580155 0.787986 2.221157 70.118480 63.196491 54.752925 38.476091 17.074907 243.618894 0.287820 0.259407 0.224748 0.157936 0.070089 0.000000
0.293899 0.918275 0.093773 0.117862 0.002867 220.284608 0.620420 0.598515 0.704330 2.020108 134.788980 74.661030 52.705119 25.761793 19.591955 307.508877 0.438325 0.242793 0.171394 0.083776 0.063712 0.500000
0.227007 0.172625 0.047268 0.110057 0.005627 110.664277 0.462673 0.604034 0.732432 2.167291 214.901801 340.401797 270.134477 155.493565 45.820531 1026.752171 0.209303 0.331533 0.263096 0.151442 0.044627 1.000000
0.089603 0.809546 0.024084 0.269574 0.006322 151.562793 0.696983 0.574262 0.823869 2.246771 69.280027 68.097325 68.543781 56.541241 26.572688 289.035062 0.239694 0.235602 0.237147 0.195621 0.091936 0.000000
0.291661 0.871627 0.058275 0.142721 0.003014 247.604515 0.606068 0.586463 0.685667 2.038070 118.547031 60.668924 37.822987 19.543797 12.985993 249.568732 0.475008 0.243095 0.151553 0.078310 0.052034 0.500000
0.303837 0.756203 0.052771 0.156685 0.003427 250.782919 0.626000 0.584059 0.705766 2.054197 56.095590 36.252286 16.637827 10.308686 9.467912 128.762301 0.435652 0.281544 0.129213 0.080060 0.073530 0.500000
0.220082 1.036901 0.070018 0.195321 0.004977 157.948494 0.718683 0.583579 0.780084 2.190037 71.141762 59.172115 82.622615 37.285817 16.552120 266.774430 0.266674 0.221806 0.309710 0.139765 0.062045 0.000000
0.206669 0.929297 0.060265 0.235766 0.005079 175.160192 0.672677 0.577320 0.796677 2.196213 73.930017 55.399825 72.298201 39.534014 21.173370 262.335428 0.281815 0.211179 0.275594 0.150700 0.080711 0.000000
0.208963 0.956568 0.070639 0.179998 0.004661 167.063881 0.674572 0.583928 0.768728 2.169511 82.280446 71.830357 77.261069 36.202479 18.618552 286.192903 0.287500 0.250986 0.269962 0.126497 0.065056 0.000000
0.244337 0.731332 0.040170 0.136622 0.004211 156.442385 0.613825 0.598776 0.726482 2.173031 281.706336 195.439517 177.750952 103.602097 19.422869 777.921771 0.362127 0.251233 0.228495 0.133178 0.024968 1.000000
0.225238 0.578167 0.051074 0.098833 0.003057 190.314536 0.630303 0.592191 0.673773 2.061567 143.524855 78.616004 54.554549 18.289930 12.968463 307.953802 0.466060 0.255285 0.177152 0.059392 0.042112 0.500000
0.301163 0.586395 0.115118 0.173510 0.002903 305.311130 0.623245 0.582178 0.746136 1.975140 47.247938 32.309769 18.204793 13.304935 9.710299 120.777733 0.391197 0.267514 0.150730 0.110160 0.080398 0.500000
0.259368 0.985495 0.137761 0.115551 0.001893 368.779541 0.696335 0.596800 0.630697 1.811246 105.753719 36.668961 19.619096 12.971357 9.537419 184.550551 0.573034 0.198693 0.106307 0.070286 0.051679 0.500000
0.199490 0.937991 0.058621 0.132758 0.003734 177.270745 0.593654 0.598907 0.705162 2.118826 288.929496 208.476322 137.768917 94.117875 21.137771 750.430381 0.385018 0.277809 0.183587 0.125419 0.028168 1.000000
0.143217 0.101266 0.087812 0.053133 0.004511 96.414950 0.448299 0.637104 0.643728 2.070169 693.643022 980.884638 607.895951 146.572580 90.014361 2519.010551 0.275363 0.389393 0.241323 0.058187 0.035734 1.000000
0.247579 0.127884 0.056503 0.072981 0.005011 104.312957 0.468086 0.605803 0.698498 2.128469 410.652538 788.448621 518.870985 189.001631 90.630883 1997.604657 0.205572 0.394697 0.259747 0.094614 0.045370 1.000000
0.279676 0.409956 0.037933 0.096800 0.004399 124.000789 0.541744 0.604260 0.704087 2.164690 232.659550 215.931043 129.450599 68.633968 20.157042 666.832202 0.348903 0.323816 0.194128 0.102925 0.030228 1.000000
0.070784 0.935580 0.045930 0.326190 0.006251 160.347617 0.652462 0.570602 0.839995 2.226373 83.575095 77.331885 80.998224 81.373312 34.311882 357.590397 0.233717 0.216258 0.226511 0.227560 0.095953 0.000000
0.293778 0.664272 0.103329 0.146544 0.002543 292.540519 0.780595 0.586651 0.702296 1.952201 87.949288 44.503846 28.417505 17.617610 10.616220 189.104469 0.465083 0.235340 0.150274 0.093163 0.056139 0.500000
0.177631 1.010620 0.046598 0.195171 0.005543 139.762136 0.615752 0.582012 0.783486 2.232006 64.822449 59.236380 83.211345 36.235078 16.436613 259.941865 0.249373 0.227883 0.320115 0.139397 0.063232 0.000000
0.281647 0.677908 0.228696 0.188536 0.002093 462.398707 0.635964 0.579802 0.735816 1.804407 46.714226 28.780064 14.971183 10.485771 10.168832 111.120076 0.420394 0.259000 0.134730 0.094364 0.091512 0.500000
0.286167 0.762537 0.119445 0.211244 0.003006 294.736910 0.645976 0.577248 0.769977 1.998787 126.517275 72.773631 53.749518 40.139862 30.742617 323.922903 0.390578 0.224663 0.165933 0.123918 0.094907 0.500000
0.312462 0.799201 0.082408 0.135039 0.003031 263.287753 0.649029 0.591163 0.690982 2.007698 63.980056 40.900519 18.002929 11.512512 9.070933 143.466951 0.445957 0.285087 0.125485 0.080245 0.063227 0.500000
0.023512 0.863636 0.024214 0.353388 0.007127 161.326558 0.651979 0.565264 0.857206 2.256877 60.016285 59.482503 59.715024 56.463565 36.991930 272.669308 0.220106 0.218149 0.219002 0.207077 0.135666 0.000000
0.309372 0.803216 0.055355 0.148561 0.003109 247.673083 0.610532 0.581518 0.690025 2.040810 206.667355 102.313316 56.821084 37.075895 26.155087 429.032736 0.481705 0.238474 0.132440 0.086417 0.060963 0.500000
0.275937 0.424106 0.028852 0.092797 0.004254 121.118431 0.556849 0.604564 0.692838 2.170393 187.075028 201.629679 127.690829 46.872711 16.416909 579.685156 0.322718 0.347826 0.220276 0.080859 0.028320 1.000000
0.128107 0.897734 0.281471 0.206059 0.002931 281.313064 0.656607 0.583536 0.794978 1.934344 40.212917 50.136470 50.280676 25.259841 13.417003 179.306908 0.224269 0.279613 0.280417 0.140875 0.074827 0.000000
0.229829 0.880855 0.073315 0.181665 0.004060 214.410639 0.646511 0.579841 0.760113 2.115482 76.852302 74.257861 46.722787 27.208674 19.784536 244.826160 0.313906 0.303309 0.190841 0.111135 0.080811 0.500000
0.311515 0.736775 0.106888 0.125789 0.002664 285.733606 0.624165 0.592967 0.692760 1.955226 57.336007 35.804641 16.624182 10.554008 7.733902 128.052740 0.447753 0.279609 0.129823 0.082419 0.060396 0.500000
0.177745 0.477549 0.019722 0.153043 0.007407 92.125303 0.550296 0.591863 0.765747 2.247272 712.816734 537.571927 1420.367794 387.758168 194.000745 3252.515368 0.219159 0.165279 0.436698 0.119218 0.059646 1.000000
0.223516 0.772088 0.042708 0.082741 0.003419 156.109881 0.613134 0.606358 0.663775 2.107507 818.544473 439.501884 335.872115 148.449938 26.865287 1769.233697 0.462655 0.248414 0.189840 0.083906 0.015185 1.000000
0.120976 0.804733 0.015850 0.240741 0.006141 136.473825 0.658232 0.580391 0.799323 2.259020 76.081612 63.619291 72.824657 54.842423 17.066615 284.434598 0.267484 0.223669 0.256033 0.192812 0.060002 0.000000
0.271296 0.893420 0.069383 0.106475 0.003438 169.465561 0.610146 0.598386 0.704182 2.103397 133.181449 97.115144 67.774902 27.193739 16.463841 341.729074 0.389728 0.284188 0.198329 0.079577 0.048178 0.500000
0.263055 0.250833 0.073248 0.063431 0.004398 105.330808 0.504581 0.613052 0.655180 2.121146 284.346330 333.618246 193.925844 65.545438 14.368158 891.804015 0.318844 0.374094 0.217453 0.073498 0.016111 1.000000
0.274623 0.156923 0.044408 0.098950 0.004928 112.856789 0.527319 0.598842 0.702018 2.154764 402.821500 653.772305 413.015802 187.156603 50.209469 1706.975679 0.235985 0.383000 0.241958 0.109642 0.029414 1.000000
0.178856 0.897444 0.030369 0.204664 0.005560 138.702465 0.635942 0.581682 0.783479 2.241774 74.950490 81.438748 79.781285 46.720692 16.298335 299.189550 0.250512 0.272198 0.266658 0.156158 0.054475 0.000000
0.121299 0.896546 0.037555 0.236776 0.006119 140.607534 0.702089 0.578427 0.806551 2.253028 51.855630 58.614327 62.938221 40.645303 17.143674 231.197156 0.224292 0.253525 0.272227 0.175804 0.074152 0.000000
0.180049 0.926609 0.094776 0.167623 0.003809 196.074676 0.624318 0.597300 0.732131 2.086562 362.630895 168.839164 222.458260 127.303834 50.052778 931.284931 0.389388 0.181297 0.238872 0.136697 0.053746 1.000000
0.155131 0.627690 0.303000 0.222431 0.002094 466.007591 0.607141 0.579070 0.782715 1.774302 35.334943 32.352486 17.990683 14.759011 10.811072 111.248195 0.317623 0.290814 0.161717 0.132667 0.097180 0.500000
0.305271 0.731298 0.129608 0.147613 0.002282 364.998973 0.646701 0.586604 0.692938 1.895290 85.757676 41.558138 23.644240 13.816402 12.135672 176.912128 0.484747 0.234908 0.133650 0.078098 0.068597 0.500000
0.068416 0.723656 0.007412 0.293361 0.008228 99.768717 0.692345 0.579763 0.784735 2.285659 49.909854 56.925543 67.465763 70.554790 10.178782 255.034731 0.195698 0.223207 0.264536 0.276648 0.039911 0.000000
0.091369 0.814888 0.034499 0.245308 0.006531 124.218516 0.679373 0.581192 0.802314 2.266826 62.236059 70.749249 81.911392 61.226130 16.503638 292.626469 0.212681 0.241773 0.279918 0.209230 0.056398 0.000000
0.287195 0.259393 0.055366 0.096914 0.004730 120.209359 0.588441 0.599704 0.705917 2.163101 391.544070 492.913748 322.418057 123.673717 54.332584 1384.882176 0.282727 0.355925 0.232813 0.089303 0.039233 1.000000
0.263684 0.348641 0.057423 0.053397 0.003551 120.875119 0.517893 0.617888 0.635584 2.073166 745.066166 549.441238 253.052695 96.442860 27.153478 1671.156436 0.445839 0.328779 0.151424 0.057710 0.016248 1.000000
0.221412 1.090258 0.088915 0.131607 0.002940 260.952010 0.647547 0.599973 0.720228 2.021000 188.514006 92.923974 79.803290 46.332776 25.413143 432.987189 0.435380 0.214611 0.184309 0.107007 0.058693 0.500000
0.257107 0.630638 0.021982 0.111034 0.004546 130.117094 0.582135 0.600655 0.713223 2.209766 225.616282 188.117120 150.728529 67.146214 15.913261 647.521405 0.348431 0.290519 0.232778 0.103697 0.024576 1.000000
0.201184 0.865545 0.044854 0.145232 0.004929 138.306854 0.604488 0.599304 0.752407 2.208489 434.405105 295.716470 345.130848 180.852802 68.558708 1324.663932 0.327936 0.223239 0.260542 0.136527 0.051756 1.000000
0.174107 0.923677 0.092705 0.162587 0.004072 187.976757 0.605468 0.598515 0.724950 2.102624 380.512807 176.483650 244.583286 147.715830 38.028367 987.323939 0.385398 0.178749 0.247723 0.149612 0.038517 1.000000
0.215355 0.079194 0.040400 0.095568 0.005729 99.474928 0.446099 0.602056 0.708592 2.169319 480.161645 1076.948540 906.977956 314.999147 114.364566 2893.451854 0.165948 0.372202 0.313459 0.108866 0.039525 1.000000
0.255962 0.362776 0.058047 0.051886 0.003521 120.526296 0.529269 0.619305 0.629885 2.072334 802.708406 577.055082 271.313381 98.443971 23.002445 1772.523286 0.452862 0.325556 0.153066 0.055539 0.012977 1.000000
0.159268 0.784492 0.017692 0.205096 0.005815 128.753066 0.678049 0.584545 0.774100 2.254454 73.528616 70.181286 73.854287 42.832481 13.857281 274.253952 0.268104 0.255899 0.269292 0.156178 0.050527 0.000000
0.031245 0.846956 0.258642 0.347606 0.003944 280.532263 0.705555 0.569051 0.858392 1.975220 51.789984 49.412996 55.699243 56.171170 29.565540 242.638933 0.213445 0.203648 0.229556 0.231501 0.121850 0.000000
0.313525 0.735796 0.057327 0.171610 0.003356 262.208723 0.642679 0.585629 0.720887 2.043672 50.934843 30.066390 15.645981 11.429597 9.002490 117.079301 0.435046 0.256804 0.133636 0.097623 0.076892 0.500000
0.244089 0.273064 0.023638 0.093301 0.005529 98.431525 0.552147 0.602487 0.735516 2.222604 600.678208 1008.456505 827.167226 290.183252 122.941809 2849.427000 0.210807 0.353916 0.290292 0.101839 0.043146 1.000000
0.233013 0.312195 0.006521 0.123595 0.006692 96.622127 0.492377 0.603959 0.778808 2.276663 708.136867 1143.166191 1128.113636 521.217064 197.217707 3697.851465 0.191500 0.309143 0.305073 0.140951 0.053333 1.000000
0.154196 0.756747 0.154067 0.193701 0.004193 182.617450 0.645958 0.582345 0.784584 2.122466 71.112897 86.587024 87.408337 47.970644 17.883458 310.962360 0.228687 0.278449 0.281090 0.154265 0.057510 0.000000
0.220743 0.121906 0.055916 0.089653 0.005016 97.601706 0.448966 0.606438 0.668290 2.120940 339.913147 589.568262 320.661547 123.761332 40.290949 1414.195238 0.240358 0.416893 0.226745 0.087514 0.028490 1.000000
0.269797 0.888386 0.084972 0.108443 0.003160 197.207252 0.632227 0.598907 0.714526 2.060527 132.536095 93.224488 59.470366 26.755049 21.776139 333.762139 0.397097 0.279314 0.178182 0.080162 0.065244 0.500000
0.190509 0.886945 0.039371 0.155141 0.005028 142.015296 0.611458 0.598907 0.743743 2.209266 298.963266 174.957733 223.130273 137.229874 25.767690 860.048836 0.347612 0.203428 0.259439 0.159561 0.029961 1.000000
0.281924 1.033499 0.105370 0.175518 0.002379 381.486605 0.612020 0.581355 0.671038 1.901462 93.835236 35.665397 21.208664 14.355746 12.366694 177.431737 0.528853 0.201009 0.119531 0.080909 0.069698 0.500000
0.115110 1.153692 0.129945 0.104485 0.002188 235.081145 0.679638 0.595041 0.629658 1.917889 234.708603 116.612226 75.870531 25.325196 9.937274 462.453831 0.507529 0.252160 0.164061 0.054763 0.021488 0.500000
0.301287 0.735236 0.172612 0.171277 0.002054 426.793592 0.646462 0.587078 0.698689 1.823473 51.953966 23.254981 13.991294 8.703196 8.492215 106.395652 0.488309 0.218571 0.131502 0.081800 0.079817 0.500000
0.052415 0.786466 0.431586 0.302424 0.002169 458.820760 0.622859 0.573701 0.836622 1.669096 37.624564 35.444453 43.681790 33.342027 16.015038 166.107873 0.226507 0.213382 0.262972 0.200725 0.096413 0.000000
0.260666 0.392234 0.031350 0.099238 0.004418 138.376191 0.532013 0.603069 0.716951 2.173062 546.719838 481.354654 310.458505 158.798630 57.162780 1554.494406 0.351703 0.309654 0.199717 0.102155 0.036773 1.000000
0.276770 0.877641 0.092472 0.084975 0.002272 258.303585 0.670786 0.604947 0.629952 1.926465 163.938122 68.265583 40.309539 17.309669 10.867634 300.690547 0.545205 0.227029 0.134057 0.057566 0.036142 0.500000
0.147267 0.939544 0.035641 0.247864 0.005741 150.072263 0.661817 0.581071 0.798899 2.239259 63.194579 61.357373 60.544151 43.233738 16.794298 245.124139 0.257806 0.250311 0.246994 0.176375 0.068513 0.000000
0.163835 0.897686 0.098853 0.127190 0.002137 278.205850 0.651082 0.589342 0.609892 1.880655 154.443243 61.929538 29.871826 14.720950 9.167102 270.132659 0.571731 0.229256 0.110582 0.054495 0.033936 0.500000
0.048157 0.850151 0.016561 0.271328 0.006453 149.382023 0.639824 0.574229 0.817907 2.263059 45.434712 39.796886 45.882880 31.270036 15.573169 177.957684 0.255312 0.223631 0.257830 0.175716 0.087511 0.000000
0.192903 1.032241 0.061444 0.256967 0.005196 161.380988 0.656728 0.579108 0.791533 2.197418 82.818309 65.976819 72.836532 59.061045 16.094689 296.787395 0.279049 0.222303 0.245417 0.199001 0.054230 0.000000
0.155171 0.979616 0.066859 0.192117 0.005155 155.391734 0.626000 0.582012 0.786960 2.191242 58.533161 61.833913 69.630803 33.335729 17.659700 240.993306 0.242883 0.256579 0.288933 0.138326 0.073279 0.000000
0.304926 0.922374 0.056106 0.211975 0.003813 230.170410 0.667671 0.581641 0.756420 2.109544 59.215853 36.098355 28.215117 18.507417 11.830643 153.867386 0.384850 0.234607 0.183373 0.120282 0.076889 0.500000
0.269810 0.916900 0.140469 0.112771 0.001987 328.730352 0.630995 0.595698 0.637024 1.848224 149.697327 60.751347 36.966076 20.341208 11.334243 279.090201 0.536376 0.217676 0.132452 0.072884 0.040611 0.500000
0.161945 0.948788 0.042333 0.224537 0.005591 155.276547 0.693007 0.578917 0.795843 2.227477 51.804573 51.925875 54.821560 31.214973 15.381105 205.148086 0.252523 0.253114 0.267229 0.152158 0.074976 0.000000
0.122176 1.104284 0.114837 0.097197 0.002244 243.161810 0.564650 0.595219 0.646047 1.930864 255.187013 112.004677 81.077568 33.046977 16.330229 497.646464 0.512788 0.225069 0.162922 0.066407 0.032815 0.500000
0.206194 0.131467 0.029118 0.090515 0.005707 88.909765 0.446366 0.602923 0.679680 2.181450 258.694876 490.109044 400.284035 88.192617 36.374216 1273.654787 0.203112 0.384805 0.314280 0.069244 0.028559 1.000000
0.250566 0.605609 0.081857 0.097260 0.002496 247.909755 0.660324 0.594047 0.642297 1.936419 114.114750 48.376623 25.949418 13.229032 9.570202 211.240025 0.540214 0.229013 0.122843 0.062626 0.045305 0.500000
0.107995 1.061884 0.038214 0.250662 0.007762 115.144316 0.617537 0.601209 0.834798 2.242193 329.596237 239.863887 482.049188 482.380249 112.343869 1646.233430 0.200212 0.145705 0.292819 0.293021 0.068243 1.000000
0.293384 0.969036 0.065141 0.156029 0.003137 248.510212 0.640853 0.583450 0.704135 2.056639 95.911908 49.605823 36.836254 19.649212 10.953959 212.957156 0.450381 0.232938 0.172975 0.092268 0.051437 0.500000
0.134261 1.155461 0.141094 0.119924 0.002165 252.823243 0.618963 0.587947 0.638371 1.910149 172.608846 89.898612 55.982874 19.194742 11.459273 349.144348 0.494377 0.257483 0.160343 0.054977 0.032821 0.500000
0.215143 0.161101 0.079278 0.137478 0.005308 127.252128 0.461979 0.588888 0.726463 2.153106 344.147777 401.847238 331.345874 170.832987 70.363387 1318.537261 0.261007 0.304767 0.251298 0.129563 0.053365 1.000000
0.288578 0.655471 0.047030 0.112015 0.003316 205.035341 0.681349 0.591755 0.685835 2.064963 92.457188 53.643828 29.134626 14.193953 11.032213 200.461809 0.461221 0.267601 0.145338 0.070806 0.055034 0.500000
0.177720 0.865336 0.051726 0.269428 0.004710 205.931845 0.687844 0.573964 0.792864 2.165367 57.512608 39.908321 36.985621 28.856499 14.076708 177.339757 0.324307 0.225039 0.208558 0.162719 0.079377 0.000000
0.262504 0.703717 0.085719 0.212579 0.003443 274.259130 0.626000 0.575758 0.758474 2.059027 152.968108 98.325365 63.049204 47.216312 34.183408 395.742398 0.386535 0.248458 0.159319 0.119311 0.086378 0.500000
0.290195 0.683005 0.038186 0.206011 0.003956 239.894566 0.656413 0.576744 0.743761 2.115243 170.973470 98.254616 59.314695 45.947034 34.655712 409.145528 0.417879 0.240146 0.144972 0.112300 0.084703 0.500000
0.243013 0.819428 0.039864 0.207995 0.004448 189.102110 0.647315 0.582639 0.758916 2.172819 55.771973 44.136470 33.784710 22.559087 10.118347 166.370587 0.335227 0.265290 0.203069 0.135595 0.060818 0.000000
0.277617 0.250642 0.028892 0.092321 0.004787 109.452932 0.555577 0.600244 0.702387 2.193473 442.819919 529.627328 367.985060 119.997224 46.448002 1506.877533 0.293866 0.351473 0.244204 0.079633 0.030824 1.000000
0.199146 0.402377 0.010221 0.154117 0.008238 83.342859 0.490191 0.595338 0.794791 2.272590 722.382884 677.210656 1801.164400 628.834191 273.079779 4102.671911 0.176076 0.165066 0.439022 0.153274 0.066561 1.000000
0.288351 0.782033 0.074767 0.132194 0.002629 279.004713 0.648742 0.589750 0.665641 1.966110 89.945295 39.920157 21.737157 13.110438 9.170033 173.883079 0.517275 0.229580 0.125010 0.075398 0.052737 0.500000
0.178932 0.514677 0.019099 0.113094 0.004712 134.698574 0.559159 0.594105 0.728389 2.210259 320.071347 287.950562 199.611777 102.427414 32.348076 942.409177 0.339631 0.305547 0.211810 0.108687 0.034325 1.000000
0.145480 0.071182 0.087758 0.058653 0.004541 93.880875 0.411994 0.628622 0.613052 2.049069 620.064520 916.115430 545.938337 132.192545 32.530456 2246.841289 0.275972 0.407735 0.242980 0.058835 0.014478 1.000000
0.296377 0.729035 0.102411 0.195505 0.003086 271.736794 0.636958 0.577175 0.741413 2.037511 133.149508 82.262103 61.415604 36.144872 22.896082 335.868170 0.396434 0.244924 0.182856 0.107616 0.068170 0.500000
0.174913 0.934328 0.074803 0.156875 0.004304 168.429266 0.626779 0.602199 0.742643 2.141040 344.614907 195.110796 246.990844 142.903022 45.475279 975.094849 0.353417 0.200094 0.253299 0.146553 0.046637 1.000000
0.218449 0.452923 0.013792 0.121304 0.005962 104.088678 0.538537 0.601985 0.738596 2.269089 853.270066 667.529742 1010.476020 330.480829 82.997367 2944.754025 0.289759 0.226684 0.343144 0.112227 0.028185 1.000000
0.194041 0.744759 0.033147 0.238892 0.005037 204.921616 0.649631 0.571024 0.789377 2.184824 92.099565 92.630612 51.835862 37.510402 34.151093 308.227533 0.298804 0.300527 0.168174 0.121697 0.110798 0.500000
0.167329 0.948966 0.056031 0.284721 0.005242 190.110688 0.668120 0.572637 0.808399 2.192962 45.993420 33.019370 39.214792 25.506363 14.101206 157.835150 0.291402 0.209202 0.248454 0.161601 0.089341 0.000000
0.120094 0.829575 0.033902 0.243655 0.005757 156.382884 0.639341 0.575967 0.809993 2.231556 65.173376 67.648216 60.817249 44.973355 22.331215 260.943411 0.249761 0.259245 0.233067 0.172349 0.085579 0.000000
0.188843 0.878418 0.028727 0.192267 0.005545 136.214061 0.664652 0.586416 0.775377 2.239592 60.077860 65.063772 62.201852 37.417669 12.327829 237.088982 0.253398 0.274428 0.262357 0.157821 0.051997 0.000000
0.226807 1.001034 0.242289 0.203364 0.002855 289.483144 0.611767 0.581477 0.777356 1.944560 56.452698 43.215792 50.369079 25.181611 12.293446 187.512626 0.301061 0.230469 0.268617 0.134293 0.065561 0.000000
0.123471 0.835401 0.025326 0.220798 0.006105 136.325463 0.645571 0.582766 0.791035 2.266481 36.359673 39.190968 45.192643 21.840255 10.868649 153.452188 0.236945 0.255395 0.294506 0.142326 0.070828 0.000000
0.179581 0.761030 0.031283 0.127281 0.005099 124.505203 0.568303 0.598842 0.730390 2.233020 959.768342 581.749565 880.767370 259.392641 121.958611 2803.636530 0.342330 0.207498 0.314152 0.092520 0.043500 1.000000
0.024347 0.786825 0.183665 0.349320 0.005042 210.366643 0.654392 0.569921 0.864320 2.082999 67.615221 57.788784 87.620455 82.436379 39.232300 334.693140 0.202022 0.172662 0.261793 0.246304 0.117219 0.000000
0.191283 0.717450 0.027665 0.093330 0.004163 128.802923 0.613469 0.604336 0.699439 2.180387 347.272928 263.692748 194.795033 59.734120 37.511500 903.006329 0.384574 0.292017 0.215718 0.066150 0.041541 1.000000
0.159772 0.089579 0.096436 0.052542 0.004483 98.059318 0.427704 0.619194 0.648870 2.039340 450.237194 660.688986 385.565184 136.492242 64.424668 1697.408274 0.265250 0.389234 0.227149 0.080412 0.037955 1.000000
0.259782 0.222873 0.080534 0.059828 0.004290 103.736378 0.506810 0.616623 0.667276 2.110953 302.634595 357.841257 195.861705 62.933606 33.398898 952.670061 0.317670 0.375619 0.205592 0.066060 0.035058 1.000000
0.266250 0.327062 0.038620 0.083900 0.004386 112.566772 0.584761 0.605568 0.667180 2.171091 1147.907205 1038.543649 719.527712 230.183665 37.730439 3173.892670 0.361672 0.327214 0.226702 0.072524 0.011888 1.000000
0.176423 0.759436 0.165836 0.190710 0.004105 176.771368 0.610621 0.585859 0.769678 2.109479 67.850052 71.196082 84.274400 40.236111 12.530451 276.087096 0.245756 0.257875 0.305246 0.145737 0.045386 0.000000
0.258980 0.231567 0.073300 0.058964 0.004319 98.003080 0.504554 0.618645 0.632835 2.106068 292.151150 349.359473 182.679475 49.933725 9.517524 883.641347 0.330622 0.395363 0.206735 0.056509 0.010771 1.000000
0.212431 0.233679 0.043943 0.053701 0.004408 117.090134 0.510279 0.614600 0.706670 2.135044 778.383508 861.152888 483.665282 217.655731 99.264336 2440.121745 0.318994 0.352914 0.198214 0.089199 0.040680 1.000000
0.013344 0.844761 0.016949 0.380554 0.008159 140.545440 0.636372 0.565884 0.872960 2.276651 64.887162 57.219919 80.588218 75.319498 42.712111 320.726908 0.202313 0.178407 0.251267 0.234840 0.133173 0.000000
0.259818 0.753977 0.032973 0.147066 0.004166 179.797065 0.624434 0.593192 0.734854 2.163708 181.881634 111.983044 90.388208 55.574542 23.400953 463.228381 0.392639 0.241745 0.195127 0.119972 0.050517 0.500000
0.285684 0.642381 0.193551 0.110178 0.001951 372.493330 0.688557 0.596123 0.690275 1.825103 121.517251 57.413931 37.864232 21.060730 14.286415 252.142559 0.481939 0.227704 0.150170 0.083527 0.056660 0.500000
0.248998 0.651269 0.020792 0.121973 0.004561 137.451496 0.602254 0.600586 0.721760 2.207226 273.935547 207.848635 175.260119 90.340866 20.860999 768.246166 0.356573 0.270550 0.228130 0.117594 0.027154 1.000000
0.265737 0.893974 0.099660 0.099074 0.002100 314.278342 0.621158 0.598127 0.602892 1.862367 142.241381 47.158542 24.188734 14.533997 9.152031 237.274685 0.599480 0.198751 0.101944 0.061254 0.038571 0.500000
0.107431 0.813991 0.023811 0.230004 0.006337 124.555343 0.643795 0.583407 0.788345 2.264790 65.363744 81.591546 75.676449 59.560748 14.607598 296.800085 0.220228 0.274904 0.254974 0.200676 0.049217 0.000000
0.258278 0.303912 0.026546 0.091204 0.004505 108.660789 0.523610 0.601070 0.671241 2.187586 838.901203 810.817803 564.012796 155.426387 37.409890 2406.568079 0.348588 0.336919 0.234364 0.064584 0.015545 1.000000
0.170785 0.917596 0.120606 0.185754 0.004318 176.264588 0.661362 0.585859 0.780125 2.145747 49.701713 58.990782 58.576178 29.016477 12.525887 208.811038 0.238022 0.282508 0.280522 0.138960 0.059987 0.000000
0.208076 1.046981 0.069327 0.138974 0.003607 178.803704 0.659278 0.595518 0.698384 2.111762 208.479263 119.305366 119.250729 54.860901 13.167799 515.064058 0.404764 0.231632 0.231526 0.106513 0.025565 0.500000
0.283572 0.675172 0.033876 0.141069 0.004390 181.546636 0.583804 0.582639 0.730269 2.137719 111.476129 111.677996 48.780278 30.944300 25.315291 328.193994 0.339665 0.340280 0.148632 0.094287 0.077135 0.500000
0.111886 0.850334 0.088921 0.229856 0.005072 177.084843 0.626000 0.575897 0.809753 2.181510 63.693932 64.363513 71.787106 40.904426 23.770210 264.519187 0.240791 0.243323 0.271387 0.154637 0.089862 0.000000
0.257958 0.120824 0.114544 0.053622 0.004501 99.745540 0.478223 0.624133 0.677182 2.053573 267.260487 390.003474 228.763476 73.561977 47.014085 1006.603499 0.265507 0.387445 0.227263 0.073079 0.046706 1.000000
0.317982 0.752977 0.051765 0.145252 0.003138 242.999681 0.609817 0.584500 0.687382 2.042855 201.493354 93.597413 58.865362 37.013859 20.723646 411.693635 0.489425 0.227347 0.142983 0.089906 0.050338 0.500000
0.295968 0.680428 0.050306 0.110088 0.004170 170.763458 0.642945 0.587801 0.711960 2.066921 92.384040 124.562262 38.369743 26.408926 24.553722 306.278692 0.301634 0.406696 0.125277 0.086225 0.080168 0.500000
0.215079 0.830102 0.068736 0.081397 0.002566 202.231128 0.626000 0.602056 0.621767 1.973713 178.779466 78.638221 40.281824 20.411616 7.933573 326.044700 0.548328 0.241188 0.123547 0.062604 0.024333 0.500000
0.118590 0.827212 0.026196 0.217768 0.006074 129.529704 0.693112 0.583278 0.779193 2.249626 46.687573 49.391836 55.225270 34.856495 9.249412 195.410587 0.238920 0.252759 0.282611 0.178376 0.047333 0.000000
0.158819 1.000032 0.041725 0.224659 0.005549 153.439388 0.752364 0.577980 0.796648 2.226250 73.019773 69.318078 81.334792 42.777775 22.252072 288.702490 0.252924 0.240102 0.281725 0.148173 0.077076 0.000000
0.072625 0.688907 0.251189 0.247935 0.003269 267.309280 0.686640 0.579032 0.813454 1.969111 54.390711 48.268473 58.815887 39.325581 16.636517 217.437169 0.250144 0.221988 0.270496 0.180860 0.076512 0.000000
0.192576 0.399460 0.027290 0.122984 0.005359 110.102127 0.535957 0.606358 0.715463 2.245875 418.896587 285.803805 395.685186 113.888639 29.333455 1243.607673 0.336840 0.229818 0.318175 0.091579 0.023587 1.000000
0.290151 0.685377 0.038887 0.114680 0.004297 168.698143 0.630822 0.587947 0.708234 2.101980 102.218115 121.537420 43.239594 26.542465 21.800352 315.337946 0.324154 0.385420 0.137121 0.084171 0.069133 0.500000
0.246941 0.594517 0.083858 0.100119 0.002368 281.210848 0.625324 0.594163 0.682182 1.919313 118.492468 52.903652 29.749367 17.298020 16.446863 234.890369 0.504459 0.225227 0.126652 0.073643 0.070019 0.500000
0.265693 1.006519 0.097659 0.096740 0.002158 290.363292 0.604018 0.599771 0.618039 1.890796 125.752364 47.569045 26.626844 12.914340 8.005357 220.867950 0.569355 0.215373 0.120555 0.058471 0.036245 0.500000
0.242279 0.738637 0.025044 0.171751 0.004867 173.759641 0.681028 0.591377 0.769492 2.201604 189.466927 121.251551 111.548801 76.076599 35.526562 533.870441 0.354893 0.227118 0.208944 0.142500 0.066545 0.500000
0.222610 0.522591 0.025251 0.115200 0.004399 146.526466 0.574428 0.602199 0.744097 2.183133 267.187757 177.816903 140.427396 86.315368 37.974939 709.722362 0.376468 0.250544 0.197862 0.121618 0.053507 1.000000
0.061811 1.012100 0.091459 0.040319 0.002287 209.314473 0.677971 0.598386 0.616927 1.922319 854.202704 426.525415 188.432326 90.580086 37.147155 1596.887686 0.534917 0.267098 0.118000 0.056723 0.023262 0.500000
0.299802 0.669360 0.067041 0.072313 0.003378 168.860078 0.607328 0.606199 0.630358 2.002642 74.441749 56.817393 16.592680 7.896891 7.470886 163.219600 0.456083 0.348104 0.101659 0.048382 0.045772 0.500000
0.012884 0.738896 0.432662 0.308142 0.002225 452.463523 0.708884 0.574329 0.846040 1.667606 35.779153 34.431543 44.677022 35.257716 16.960609 167.106043 0.214110 0.206046 0.267357 0.210990 0.101496 0.000000
0.272031 0.299210 0.043709 0.087927 0.004743 107.788775 0.537411 0.606921 0.702443 2.186840 188.458209 248.219831 159.345871 57.432750 23.584225 677.040886 0.278356 0.366625 0.235356 0.084829 0.034834 1.000000
0.321610 0.982030 0.177438 0.245985 0.002415 427.185292 0.684131 0.575897 0.744936 1.876891 57.472169 26.439482 20.901494 15.456135 11.824554 132.093834 0.435086 0.200157 0.158232 0.117009 0.089516 0.500000
0.207457 0.810745 0.062542 0.224381 0.004586 230.822221 0.685282 0.573668 0.785611 2.118882 71.191749 84.351883 37.269967 31.388617 31.741294 255.943509 0.278154 0.329572 0.145618 0.122639 0.124017 0.500000
0.202343 0.865761 0.041521 0.154429 0.004735 151.484476 0.605895 0.596987 0.742555 2.199156 459.018912 285.175460 330.807593 176.798653 52.653692 1304.454309 0.351886 0.218617 0.253598 0.135535 0.040365 1.000000
0.069555 0.814932 0.353360 0.228111 0.002574 336.620250 0.662568 0.581723 0.799293 1.831671 32.136183 36.146261 41.625395 21.847869 10.399027 142.154735 0.226065 0.254274 0.292818 0.153691 0.073153 0.000000
0.055079 0.901866 0.040421 0.289201 0.006682 149.837638 0.625027 0.571574 0.838122 2.256978 52.366368 61.717402 66.359906 51.968821 26.701932 259.114429 0.202097 0.238186 0.256103 0.200563 0.103051 0.000000
0.196612 0.575063 0.037981 0.122946 0.003813 178.620955 0.572530 0.594570 0.717172 2.143755 224.434942 174.679975 112.596946 57.585466 25.072973 594.370302 0.377601 0.293891 0.189439 0.096885 0.042184 1.000000
0.193405 0.148008 0.090594 0.084090 0.004715 141.048419 0.511010 0.599838 0.711395 2.105985 362.491935 462.159218 282.232654 210.764365 68.999165 1386.647336 0.261416 0.333293 0.203536 0.151996 0.049760 1.000000
0.222581 0.370167 0.010556 0.162209 0.006570 115.519130 0.536601 0.590897 0.783289 2.276340 592.958323 631.248487 758.509805 405.868327 132.534796 2521.119738 0.235196 0.250384 0.300862 0.160987 0.052570 1.000000
0.216533 0.130680 0.033421 0.102773 0.005623 105.651601 0.445007 0.600313 0.714300 2.171507 220.710457 456.489334 320.172888 151.381044 51.453045 1200.206767 0.183894 0.380342 0.266765 0.126129 0.042870 1.000000
0.200565 0.187780 0.023445 0.131344 0.006528 96.633824 0.528017 0.593248 0.737467 2.208387 213.748823 384.001094 468.420621 221.347567 52.926999 1340.445103 0.159461 0.286473 0.349452 0.165130 0.039485 1.000000
0.239171 0.993350 0.080559 0.125290 0.003107 221.344067 0.624893 0.596184 0.737940 2.040896 134.583931 58.033695 61.303610 29.384016 27.185852 310.491105 0.433455 0.186909 0.197441 0.094637 0.087558 0.500000
0.073615 0.753276 0.017034 0.265019 0.006916 126.928919 0.697673 0.577722 0.818128 2.276868 67.604564 82.392754 84.087520 70.761739 23.224600 328.071177 0.206067 0.251143 0.256309 0.215690 0.070791 0.000000
0.317381 1.017398 0.141745 0.255513 0.002390 412.855042 0.638954 0.573931 0.709085 1.859728 131.018063 43.496920 32.958795 33.845863 18.954843 260.274484 0.503384 0.167119 0.126631 0.130039 0.072826 0.500000
0.213749 0.991374 0.065277 0.191477 0.004822 165.720505 0.677409 0.582471 0.775673 2.177946 72.267167 63.332618 69.441337 35.681453 16.858403 257.580978 0.280561 0.245875 0.269590 0.138525 0.065449 0.000000
0.226575 0.251920 0.044273 0.135515 0.005104 131.232719 0.533759 0.599039 0.735494 2.199692 763.512395 633.225670 601.010167 302.707016 89.075724 2389.530972 0.319524 0.265000 0.251518 0.126681 0.037277 1.000000
0.139960 1.006298 0.104011 0.100954 0.002299 218.046508 0.679402 0.592688 0.626265 1.938372 193.894862 99.997705 53.362187 17.655579 12.384448 377.294782 0.513908 0.265039 0.141434 0.046795 0.032824 0.500000
0.221215 0.174813 0.052708 0.092041 0.004774 103.702864 0.468822 0.605725 0.667542 2.117254 353.399308 543.156751 275.221888 119.982270 33.699603 1325.459819 0.266624 0.409787 0.207643 0.090521 0.025425 1.000000
0.169843 0.731317 0.026733 0.226761 0.005183 200.327358 0.636238 0.574030 0.786518 2.174268 75.433708 83.789122 39.567555 32.752068 30.750025 262.292478 0.287594 0.319449 0.150853 0.124868 0.117236 0.500000
0.280946 0.527363 0.093825 0.160390 0.002925 269.845100 0.687700 0.580670 0.722535 2.012261 68.991387 44.749862 27.041299 14.864728 11.101500 166.748775 0.413744 0.268367 0.162168 0.089144 0.066576 0.500000
0.209738 0.757059 0.030514 0.203236 0.004486 184.735773 0.625562 0.582936 0.752955 2.178392 66.808746 46.530496 36.653561 23.599795 11.360406 184.953004 0.361220 0.251580 0.198178 0.127599 0.061423 0.000000
0.226817 0.345009 0.004780 0.133498 0.006878 97.157517 0.499171 0.602923 0.763255 2.280831 610.417173 1019.764792 1027.536424 524.540682 94.501988 3276.761059 0.186287 0.311211 0.313583 0.160079 0.028840 1.000000
0.253737 0.301300 0.006711 0.143482 0.006978 102.524340 0.527038 0.597049 0.779855 2.282652 490.349259 646.780939 801.121757 390.955689 110.433676 2439.641321 0.200992 0.265113 0.328377 0.160251 0.045266 1.000000
0.217865 0.800895 0.083038 0.248869 0.003746 263.299401 0.657012 0.572133 0.767970 2.089421 83.655179 52.702701 42.223748 28.276163 18.907713 225.765505 0.370540 0.233440 0.187025 0.125246 0.083749 0.500000
0.235685 0.790383 0.075873 0.104767 0.002553 283.792674 0.667808 0.597807 0.648630 1.961820 421.366701 164.462217 101.240565 56.041630 35.316405 778.427518 0.541305 0.211275 0.130058 0.071993 0.045369 0.500000
0.290123 0.697391 0.056918 0.168915 0.003704 224.448107 0.675988 0.581764 0.721250 2.111010 83.073800 41.816342 39.438875 21.809339 10.610543 196.748898 0.422233 0.212537 0.200453 0.110849 0.053929 0.500000
0.262910 0.437735 0.038529 0.080453 0.004218 151.321100 0.539082 0.605803 0.712740 2.163901 676.090140 512.624249 359.086276 162.046892 74.064502 1783.912059 0.378993 0.287360 0.201291 0.090838 0.041518 1.000000
0.177650 0.621244 0.028863 0.147387 0.005497 126.368376 0.563178 0.605334 0.748413 2.241589 825.959191 533.734109 756.709493 389.204751 81.341064 2586.948607 0.319279 0.206318 0.292510 0.150449 0.031443 1.000000
0.293662 0.789857 0.063997 0.117281 0.002699 260.278368 0.671391 0.591003 0.656143 1.983898 101.017275 44.077779 24.830649 12.115890 10.037580 192.079174 0.525915 0.229477 0.129273 0.063078 0.052258 0.500000
0.206990 0.564723 0.026714 0.117218 0.004688 137.827618 0.559127 0.611747 0.722166 2.214512 746.333053 492.318989 532.403477 221.760541 64.071297 2056.887357 0.362846 0.239351 0.258839 0.107814 0.031150 1.000000
0.160873 0.874685 0.025657 0.206101 0.005752 138.798186 0.659340 0.583536 0.786913 2.246790 64.074910 68.341001 63.490052 40.147251 16.337622 252.390836 0.253872 0.270774 0.251555 0.159068 0.064731 0.000000
0.121848 0.797709 0.013797 0.230145 0.006795 116.360898 0.662553 0.582262 0.796121 2.285170 62.073250 71.711821 82.075620 57.416119 14.676298 287.953107 0.215567 0.249040 0.285031 0.199394 0.050968 0.000000
0.107015 0.812014 0.316041 0.230956 0.002684 320.228942 0.667977 0.579032 0.793271 1.869234 39.338138 37.109852 44.559677 23.153831 10.776940 154.938437 0.253895 0.239514 0.287596 0.149439 0.069556 0.000000
0.297746 0.832602 0.044708 0.272573 0.003943 268.909618 0.705374 0.570813 0.732825 2.097069 44.336648 23.885182 16.154607 11.249922 7.800261 103.426619 0.428677 0.230938 0.156194 0.108772 0.075418 0.500000
0.162733 0.883928 0.199580 0.202715 0.003611 233.364767 0.685566 0.579492 0.794579 2.043869 63.101071 62.717671 68.525957 33.963093 19.716268 248.024061 0.254415 0.252869 0.276288 0.136935 0.079493 0.000000
0.074741 0.727786 0.009198 0.270870 0.006679 141.263750 0.637929 0.576142 0.823278 2.275206 53.974668 46.952274 56.201862 39.767088 18.830380 215.726272 0.250200 0.217647 0.260524 0.184340 0.087288 0.000000
0.298085 1.119524 0.144729 0.203054 0.003491 227.056274 0.714609 0.583840 0.763032 2.061333 65.462900 47.873517 52.007144 28.112951 11.018561 204.475074 0.320151 0.234129 0.254345 0.137488 0.053887 0.000000
0.047095 0.860659 0.033101 0.300239 0.006337 156.832880 0.681303 0.573246 0.829247 2.242904 43.211801 34.498196 42.497021 32.588188 15.762245 168.557451 0.256362 0.204667 0.252122 0.193336 0.093513 0.000000
0.207309 0.632273 0.025927 0.167719 0.004645 149.110011 0.616773 0.592081 0.723249 2.194200 288.298860 167.970270 160.359544 108.586365 18.039969 743.255008 0.387887 0.225993 0.215753 0.146096 0.024272 1.000000
0.225266 0.391080 0.005294 0.142062 0.006970 96.522736 0.508564 0.596862 0.760154 2.282229 695.798876 590.529660 1138.690504 386.774344 104.458763 2916.252147 0.238594 0.202496 0.390464 0.132627 0.035820 1.000000
0.165978 0.865933 0.094021 0.203032 0.004858 158.707903 0.745886 0.583321 0.784535 2.173708 57.480004 75.495303 68.552375 44.383072 14.113109 260.023863 0.221057 0.290340 0.263639 0.170688 0.054276 0.000000
0.182735 0.941169 0.053154 0.225576 0.004989 172.496008 0.720883 0.580233 0.792994 2.198172 48.721100 39.183515 40.813201 22.289935 14.967848 165.975600 0.293544 0.236080 0.245899 0.134296 0.090181 0.000000
0.214038 0.831189 0.041077 0.176454 0.005111 145.888339 0.676863 0.588242 0.771318 2.201357 77.133295 68.136989 67.487450 38.432659 16.959047 268.149440 0.287650 0.254101 0.251679 0.143326 0.063245 0.000000
0.082289 0.797179 0.020917 0.259419 0.006846 124.792464 0.643765 0.578240 0.814407 2.275207 66.658964 79.350558 82.299680 69.560668 20.861262 318.731133 0.209139 0.248958 0.258210 0.218242 0.065451 0.000000
0.233478 0.341561 0.006581 0.126592 0.006600 99.445244 0.516524 0.600381 0.767426 2.277557 482.917265 696.142488 785.771065 356.254019 93.696788 2414.781624 0.199984 0.288284 0.325400 0.147531 0.038801 1.000000
0.226307 1.087967 0.089855 0.187355 0.004530 171.417321 0.641397 0.583063 0.775153 2.141131 71.490024 62.537094 76.021141 35.866071 17.676303 263.590633 0.271216 0.237251 0.288406 0.136067 0.067060 0.000000
0.248282 0.871591 0.055922 0.128225 0.003184 217.258178 0.681296 0.590111 0.680681 2.069520 132.770167 59.285789 50.314793 21.397499 11.520046 275.288295 0.482295 0.215359 0.182771 0.077728 0.041847 0.500000
0.162058 0.871656 0.186926 0.215079 0.003428 255.327224 0.676868 0.578203 0.791123 2.032809 71.093096 61.209726 65.493985 34.104782 20.152023 252.053612 0.282055 0.242844 0.259841 0.135308 0.079951 0.000000
0.183550 0.814505 0.031231 0.186563 0.005196 140.924186 0.680533 0.586510 0.762771 2.219087 70.330675 69.715716 55.552929 36.550161 11.682512 243.831993 0.288439 0.285917 0.227833 0.149899 0.047912 0.000000
0.266217 0.141489 0.059538 0.082027 0.005105 99.973476 0.479808 0.608831 0.683307 2.168539 336.889106 540.801415 396.986919 118.738343 30.828919 1424.244702 0.236539 0.379711 0.278735 0.083369 0.021646 1.000000
0.224312 0.205122 0.065228 0.084496 0.004832 108.459064 0.493750 0.603363 0.684948 2.160541 228.790381 273.181358 209.019126 66.520157 24.954227 802.465248 0.285109 0.340428 0.260471 0.082895 0.031097 1.000000
0.287956 0.661916 0.038037 0.126919 0.004243 178.227925 0.724451 0.586935 0.724157 2.108067 112.967802 119.774923 45.653379 29.276847 27.486365 335.159316 0.337057 0.357367 0.136214 0.087352 0.082010 0.500000
0.202222 0.420483 0.006600 0.155363 0.007498 87.946003 0.517934 0.596306 0.755452 2.279142 679.204844 597.446317 1362.281090 430.237826 107.480041 3176.650118 0.213812 0.188074 0.428842 0.135438 0.033834 1.000000
0.322616 0.730067 0.065115 0.123989 0.003549 226.795809 0.654178 0.586793 0.688994 2.035203 67.834650 49.776020 17.461096 11.323260 12.103237 158.498263 0.427984 0.314048 0.110166 0.071441 0.076362 0.500000
0.281752 0.728373 0.041676 0.200464 0.003818 232.271014 0.670751 0.578690 0.746107 2.103525 139.794502 76.127939 54.336959 38.937750 25.798762 334.995912 0.417302 0.227250 0.162202 0.116234 0.077012 0.500000
0.253201 0.231109 0.076281 0.096844 0.004591 113.244338 0.519614 0.599838 0.655567 2.108573 145.499980 186.169555 99.298322 45.702055 14.694839 491.364751 0.296114 0.378883 0.202087 0.093010 0.029906 1.000000
0.290881 0.930044 0.089429 0.094778 0.002923 217.188145 0.678774 0.600109 0.664699 1.988744 65.199899 48.116387 17.386609 8.547725 8.475236 147.725857 0.441357 0.325714 0.117695 0.057862 0.057371 0.500000
0.331738 1.079402 0.089799 0.298114 0.003370 344.877956 0.626000 0.569891 0.766419 2.004833 57.120473 25.066439 20.576437 17.202970 15.202049 135.168368 0.422588 0.185446 0.152228 0.127271 0.112468 0.500000
0.270386 0.786582 0.033978 0.216347 0.004147 216.260869 0.600591 0.576037 0.746799 2.142234 115.834904 68.380790 50.755383 34.865762 19.796281 289.633119 0.399937 0.236095 0.175240 0.120379 0.068350 0.500000
0.139672 0.911118 0.062975 0.221629 0.005337 163.450503 0.671400 0.576495 0.805132 2.193764 63.929066 66.774015 68.875881 42.111908 22.328776 264.019645 0.242138 0.252913 0.260874 0.159503 0.084572 0.000000
0.256608 1.065214 0.116611 0.091388 0.001951 302.144451 0.651871 0.605334 0.595318 1.845753 135.785419 44.487079 27.026300 12.849833 6.654827 226.803458 0.598692 0.196148 0.119162 0.056656 0.029342 0.500000
0.086454 0.753075 0.011788 0.299539 0.007885 106.783510 0.647845 0.577576 0.794198 2.284090 47.525055 60.774227 58.208856 66.271464 12.239272 245.018874 0.193965 0.248039 0.237569 0.270475 0.049952 0.000000
0.238533 0.386424 0.006522 0.166416 0.007680 94.727073 0.490467 0.595458 0.786306 2.279721 181.334475 319.369409 418.070304 241.284837 46.301872 1206.360896 0.150315 0.264738 0.346555 0.200010 0.038381 1.000000
0.003276 1.021810 0.154774 0.443117 0.006716 187.314610 0.655534 0.560122 0.900648 2.106450 62.147892 58.865444 99.106712 110.483552 76.972198 407.575798 0.152482 0.144428 0.243161 0.271075 0.188854 0.000000
0.285723 0.321015 0.038301 0.084254 0.004276 110.537865 0.591538 0.603216 0.660748 2.165568 684.971879 666.556556 422.221971 122.783423 29.960093 1926.493922 0.355554 0.345995 0.219166 0.063734 0.015552 1.000000
0.257729 1.118626 0.076082 0.172755 0.004260 177.645189 0.667561 0.585400 0.761400 2.131683 83.541643 64.530991 67.591977 32.956391 18.210434 266.831436 0.313088 0.241842 0.253313 0.123510 0.068247 0.000000
0.081026 0.479192 0.003364 0.268347 0.007792 133.249533 0.561415 0.568681 0.840432 2.294394 399.019954 418.139207 632.434578 329.579299 244.504832 2023.677870 0.197176 0.206623 0.312517 0.162862 0.120822 1.000000
0.287328 0.750836 0.040531 0.194465 0.003912 217.764423 0.626000 0.577612 0.733835 2.135931 144.483510 82.644369 62.797391 38.055854 22.312448 350.293572 0.412464 0.235929 0.179271 0.108640 0.063696 0.500000
0.152648 1.028656 0.093267 0.152642 0.003603 196.284702 0.613454 0.597999 0.723385 2.078443 351.074023 148.381795 216.973487 108.495082 40.814602 865.738989 0.405519 0.171393 0.250622 0.125321 0.047144 1.000000
0.222142 0.162594 0.048022 0.102179 0.005124 107.802538 0.463601 0.600655 0.691880 2.152932 403.709761 661.249529 377.323476 192.366370 50.178801 1684.827937 0.239615 0.392473 0.223954 0.114176 0.029783 1.000000
0.273584 0.466519 0.024632 0.111140 0.004885 129.561059 0.531957 0.600313 0.729495 2.211695 542.139055 513.552654 367.780129 201.328383 56.119241 1680.919463 0.322525 0.305519 0.218797 0.119773 0.033386 1.000000
0.247770 0.385445 0.021178 0.117274 0.005267 122.170132 0.544305 0.598646 0.736318 2.229226 501.045227 567.452924 451.811501 181.461741 77.329679 1779.101073 0.281628 0.318955 0.253955 0.101996 0.043466 1.000000
0.246186 0.872401 0.039272 0.188087 0.004470 196.559954 0.609662 0.578879 0.760014 2.161767 78.511094 70.130569 45.888519 27.768119 18.569073 240.867374 0.325952 0.291158 0.190514 0.115284 0.077093 0.500000
0.274739 1.145183 0.101796 0.164156 0.004004 178.756154 0.701857 0.589038 0.749269 2.107359 71.306576 60.817326 66.493488 29.695689 11.929634 240.242714 0.296811 0.253150 0.276776 0.123607 0.049657 0.000000
0.302203 1.056748 0.186418 0.212401 0.001885 510.543076 0.742309 0.576637 0.680966 1.759077 109.979550 33.260248 25.119807 20.667787 14.440232 203.467625 0.540526 0.163467 0.123458 0.101578 0.070971 0.500000
0.222700 0.568900 0.031475 0.128232 0.004803 149.044107 0.590042 0.597743 0.751055 2.209524 894.646217 563.914866 673.085016 308.563573 123.824645 2564.034317 0.348921 0.219933 0.262510 0.120343 0.048293 1.000000
0.267274 0.377546 0.033977 0.116195 0.004304 127.038257 0.543162 0.597237 0.702864 2.178848 637.842668 467.299399 377.170122 135.579863 62.199231 1680.091284 0.379648 0.278139 0.224494 0.080698 0.037021 1.000000
0.184294 0.979580 0.076835 0.098679 0.003728 154.836551 0.607282 0.609088 0.693280 2.123921 385.546102 270.601392 238.334579 94.306091 32.296710 1021.084875 0.377585 0.265014 0.233413 0.092359 0.031630 1.000000
0.309431 0.792657 0.073082 0.171463 0.003245 262.441434 0.606181 0.586183 0.715935 2.049393 54.492668 34.317044 19.064242 11.768990 8.344640 127.987584 0.425765 0.268128 0.148954 0.091954 0.065199 0.500000
0.267801 0.140552 0.073777 0.078725 0.004110 114.691883 0.491549 0.610483 0.682535 2.075653 251.838003 279.190842 189.082789 65.525648 38.166548 823.803831 0.305701 0.338905 0.229524 0.079540 0.046330 1.000000
0.315040 0.634011 0.174540 0.160617 0.002427 361.855408 0.640843 0.586276 0.734356 1.890801 45.544951 31.360786 16.332648 11.268415 9.147863 113.654663 0.400731 0.275930 0.143704 0.099146 0.080488 0.500000
0.289729 0.879775 0.079252 0.192347 0.003269 271.955691 0.648096 0.583753 0.732743 2.054966 53.335363 29.489057 23.268526 12.958168 8.983067 128.034181 0.416571 0.230322 0.181737 0.101209 0.070161 0.500000
0.241195 0.795947 0.048881 0.141432 0.004052 201.327305 0.644491 0.589291 0.754100 2.148722 275.328574 168.003801 166.122546 86.753225 45.850210 742.058357 0.371034 0.226402 0.223867 0.116909 0.061788 0.500000
0.311032 0.782176 0.041897 0.164984 0.003658 241.374865 0.626988 0.585674 0.712986 2.082828 53.768047 33.937916 17.111618 11.003980 8.733346 124.554907 0.431681 0.272474 0.137382 0.088346 0.070116 0.500000
0.290976 0.672162 0.036204 0.191593 0.004205 221.496254 0.627460 0.581682 0.753868 2.125091 40.988186 30.395135 16.575253 12.395180 9.663412 110.017166 0.372562 0.276276 0.150661 0.112666 0.087835 0.500000
0.262376 0.304617 0.021809 0.098939 0.004972 117.233822 0.491319 0.603511 0.756260 2.210106 821.945596 950.104865 642.219880 272.903767 205.250152 2892.424260 0.284172 0.328480 0.222035 0.094351 0.070961 1.000000
0.121377 0.954848 0.077912 0.245290 0.005138 186.448377 0.689272 0.575412 0.812330 2.186518 62.288603 54.741421 61.673709 36.145988 23.490415 238.340137 0.261343 0.229678 0.258763 0.151657 0.098558 0.000000
0.153163 0.988461 0.072950 0.162385 0.003543 208.878022 0.645932 0.587704 0.711359 2.083716 285.879525 125.891622 131.318938 93.268475 22.323585 658.682145 0.434017 0.191127 0.199366 0.141599 0.033891 1.000000
0.266752 0.743817 0.031022 0.214752 0.004446 215.297190 0.614770 0.575309 0.762356 2.161871 137.726756 97.257428 61.690830 43.007431 33.400651 373.083097 0.369158 0.260686 0.165354 0.115276 0.089526 0.500000
0.212346 0.960083 0.071740 0.154225 0.004715 154.917891 0.602631 0.597174 0.745161 2.171249 204.475894 125.769922 168.060030 106.078398 16.683153 621.067397 0.329233 0.202506 0.270599 0.170800 0.026862 1.000000
0.027734 0.879902 0.091178 0.342143 0.005987 185.285431 0.712238 0.567159 0.855880 2.190445 66.051691 60.621727 72.557386 62.979656 37.457018 299.667478 0.220417 0.202297 0.242126 0.210165 0.124995 0.000000
0.282905 0.626485 0.124433 0.150535 0.002632 286.063270 0.626000 0.591972 0.721581 1.963245 94.435459 49.150330 37.159025 25.727515 10.913994 217.386322 0.434413 0.226097 0.170935 0.118349 0.050206 0.500000
0.320156 1.016778 0.092682 0.236133 0.002876 329.441513 0.626000 0.574731 0.706798 1.959407 133.879472 42.484982 39.017271 33.564263 17.955456 266.901443 0.501606 0.159179 0.146186 0.125755 0.067274 0.500000
0.199298 0.787005 0.023348 0.199740 0.005689 132.791680 0.632729 0.584412 0.781650 2.253113 74.047982 62.123246 75.779201 37.804702 16.755373 266.510504 0.277843 0.233099 0.284339 0.141851 0.062869 0.000000
0.193676 0.806884 0.046513 0.198018 0.004883 169.268662 0.679112 0.584589 0.768064 2.203397 56.960317 55.907851 46.616928 26.793660 11.659820 197.938576 0.287768 0.282451 0.235512 0.135364 0.058906 0.000000
0.168129 0.880712 0.041474 0.202440 0.005101 148.506637 0.694205 0.585629 0.763729 2.207441 70.106445 62.065099 60.565329 38.760250 10.374976 241.872099 0.289849 0.256603 0.250402 0.160251 0.042894 0.000000
0.245032 0.374757 0.022826 0.126325 0.004937 118.005303 0.531340 0.598127 0.709129 2.231900 522.046220 414.994265 405.536474 138.954654 33.244254 1514.775867 0.344636 0.273964 0.267720 0.091733 0.021947 1.000000
0.194085 0.399992 0.004772 0.185893 0.007456 94.124642 0.543741 0.591110 0.779548 2.281469 391.496381 292.528464 644.776042 285.170832 66.881621 1680.853340 0.232915 0.174036 0.383600 0.169658 0.039790 1.000000
0.313389 0.906237 0.057280 0.187291 0.003630 233.229837 0.644781 0.585629 0.737155 2.108439 58.965744 33.781789 29.619702 14.643645 10.074727 147.085606 0.400894 0.229674 0.201377 0.099559 0.068496 0.500000
0.150529 0.731431 0.025609 0.212086 0.005451 148.295143 0.655297 0.581723 0.781239 2.232875 65.997654 63.390974 54.854185 39.004059 13.634527 236.881398 0.278611 0.267606 0.231568 0.164656 0.057558 0.000000
0.241298 0.910778 0.089843 0.143028 0.002803 250.137480 0.692126 0.588242 0.694314 2.004757 270.829074 115.402385 106.988596 61.062836 23.884600 578.167491 0.468427 0.199600 0.185048 0.105614 0.041311 0.500000
0.301030 0.729111 0.181796 0.184996 0.002294 398.946477 0.626000 0.579919 0.725437 1.879154 64.787765 37.735540 22.258171 12.540231 12.675348 149.997055 0.431927 0.251575 0.148391 0.083603 0.084504 0.500000
0.251366 0.857516 0.053167 0.214237 0.004144 230.473894 0.685696 0.574429 0.755765 2.136856 90.192278 62.547794 43.805773 27.606949 19.954448 244.107242 0.369478 0.256231 0.179453 0.113094 0.081745 0.500000
0.098857 1.017306 0.082543 0.084864 0.002779 218.451549 0.662808 0.594395 0.716941 2.013478 433.599378 218.972645 160.202610 80.006479 72.847236 965.628348 0.449033 0.226767 0.165905 0.082854 0.075440 0.500000
0.189319 0.914460 0.046541 0.178064 0.005211 145.146115 0.653655 0.585264 0.774772 2.211920 71.401885 65.002035 82.301232 36.027703 16.176269 270.909124 0.263564 0.239940 0.303796 0.132988 0.059711 0.000000
0.313652 0.814650 0.266706 0.192100 0.002005 475.417017 0.665346 0.579958 0.749697 1.780247 44.770502 31.064146 16.746143 12.796984 10.175478 115.553252 0.387445 0.268830 0.144921 0.110745 0.088059 0.500000
0.283630 1.017093 0.067264 0.189221 0.004004 195.830561 0.726284 0.584323 0.746353 2.139058 74.068876 46.549239 50.419023 23.832032 10.995592 205.864762 0.359794 0.226116 0.244913 0.115765 0.053412 0.000000
0.226458 0.902431 0.042702 0.197035 0.004816 159.241684 0.610787 0.582808 0.756521 2.190979 93.433228 71.283530 64.987041 42.367696 14.588725 286.660221 0.325937 0.248669 0.226704 0.147798 0.050892 0.000000
0.036013 0.766903 0.006994 0.304344 0.007698 136.306580 0.616053 0.568653 0.851363 2.287958 64.698764 78.782783 87.162372 71.005533 40.363370 342.012821 0.189171 0.230350 0.254851 0.207611 0.118017 0.000000
0.112794 0.732907 0.028479 0.232545 0.006491 117.492380 0.626000 0.583710 0.780458 2.271741 64.380821 73.781249 82.713012 58.771265 10.610783 290.257129 0.221806 0.254193 0.284965 0.202480 0.036556 0.000000
0.291692 0.267240 0.042532 0.090422 0.004311 119.702656 0.544450 0.599503 0.698159 2.136902 416.992247 437.827919 257.642951 109.066109 44.280731 1265.809957 0.329427 0.345888 0.203540 0.086163 0.034982 1.000000
0.282357 0.548582 0.034665 0.100781 0.003930 143.102375 0.599731 0.601070 0.694386 2.140257 295.690905 215.317377 129.119898 68.990927 24.026990 733.146097 0.403318 0.293690 0.176118 0.094103 0.032772 1.000000
0.106467 0.852767 0.021610 0.247736 0.006794 116.814948 0.669460 0.580670 0.793029 2.276725 64.829576 70.052002 81.182159 62.178563 12.817689 291.059989 0.222736 0.240679 0.278919 0.213628 0.044038 0.000000
0.205293 0.558011 0.009234 0.156855 0.006333 105.418508 0.573546 0.594337 0.751146 2.264287 914.891061 599.119753 1099.233366 359.518034 129.383133 3102.145347 0.294922 0.193131 0.354346 0.115893 0.041708 1.000000
0.195560 0.977160 0.044162 0.195593 0.005384 146.099223 0.693922 0.586699 0.775825 2.235858 43.326137 47.311924 50.633661 23.821699 9.841803 174.935223 0.247670 0.270454 0.289442 0.136174 0.056260 0.000000
0.208997 0.831451 0.071755 0.101391 0.002963 261.407155 0.568345 0.602128 0.692276 2.031036 680.996058 285.923434 246.017961 118.807466 80.232761 1411.977680 0.482299 0.202499 0.174236 0.084143 0.056823 0.500000
0.185825 0.805775 0.045470 0.243401 0.004644 197.495771 0.670346 0.577067 0.776854 2.172225 73.103492 53.287704 46.822122 32.824475 15.104196 221.141988 0.330573 0.240966 0.211729 0.148432 0.068301 0.000000
0.191096 0.333037 0.018623 0.177755 0.008771 78.231072 0.463694 0.593703 0.767760 2.249057 507.084911 614.943050 1759.517105 633.859316 122.872075 3638.276457 0.139375 0.169020 0.483613 0.174220 0.033772 1.000000
0.178388 0.744804 0.067226 0.232481 0.004427 227.911014 0.677805 0.572416 0.787299 2.144784 88.724307 85.500420 52.309596 35.357649 31.117456 293.009427 0.302804 0.291801 0.178525 0.120671 0.106200 0.500000
0.293097 0.850861 0.076648 0.110817 0.002514 270.517337 0.708168 0.595578 0.654657 1.963070 108.139460 45.202148 28.453535 13.503820 9.678518 204.977481 0.527568 0.220523 0.138813 0.065880 0.047217 0.500000
0.143497 0.988988 0.051665 0.263691 0.005186 181.353027 0.665916 0.575378 0.800343 2.196494 51.138315 35.259150 42.112059 25.741007 14.977494 169.228025 0.302186 0.208353 0.248848 0.152108 0.088505 0.000000
0.278214 0.973578 0.087941 0.157622 0.003575 212.314155 0.669528 0.585264 0.752705 2.103741 130.009590 92.465482 83.324240 43.447721 21.172052 370.419086 0.350980 0.249624 0.224946 0.117293 0.057157 0.500000
0.292079 0.658347 0.066440 0.067740 0.003365 164.089019 0.691407 0.605412 0.632239 1.982010 81.029032 64.735129 17.591638 8.500871 9.396576 181.253247 0.447049 0.357153 0.097056 0.046901 0.051842 0.500000
0.134309 0.794154 0.032582 0.256454 0.004863 194.317414 0.670724 0.577722 0.792103 2.183897 59.259401 40.060474 36.576511 27.318650 14.974737 178.189773 0.332563 0.224819 0.205267 0.153312 0.084038 0.000000
0.276107 1.002135 0.087581 0.144590 0.003013 250.482042 0.607982 0.589342 0.708003 2.037002 73.539384 44.422144 29.291685 15.842153 9.691129 172.786496 0.425608 0.257093 0.169525 0.091686 0.056087 0.500000
0.287382 0.948329 0.090505 0.152928 0.002664 286.514077 0.748072 0.587801 0.687854 1.977137 77.526416 39.298526 23.721094 13.163527 9.751601 163.461162 0.474280 0.240415 0.145118 0.080530 0.059657 0.500000
0.068631 0.696801 0.443333 0.236919 0.001870 480.310528 0.671023 0.578804 0.804375 1.645127 36.714426 34.942368 41.208171 23.038244 11.895859 147.799068 0.248408 0.236418 0.278812 0.155875 0.080487 0.000000
0.183540 0.483388 0.012899 0.173588 0.006449 118.663704 0.542757 0.592522 0.783113 2.253720 1120.200792 683.130279 1256.448430 541.104142 252.114086 3852.997728 0.290735 0.177298 0.326096 0.140437 0.065433 1.000000
0.075036 0.633548 0.009767 0.301188 0.007887 105.415320 0.649437 0.579415 0.788097 2.288448 52.991904 59.131281 61.406919 68.336347 10.729621 252.596072 0.209789 0.234094 0.243103 0.270536 0.042477 0.000000
