5
1503
31.500000 0.048000 0.000254 0.713000 0.000008 1.333780
6.300000 0.154000 0.000508 0.396000 0.000283 1.274430
20.000000 0.095000 0.000254 0.317000 0.000046 1.304960
50.000000 0.000000 0.000254 0.396000 0.000004 1.365360
5.000000 0.030000 0.003048 0.555000 0.000045 1.281790
5.000000 0.000000 0.003048 0.317000 0.000033 1.273150
100.000000 0.000000 0.000254 0.396000 0.000004 1.333760
16.000000 0.000000 0.003048 0.317000 0.000033 1.223650
40.000000 0.156000 0.001016 0.396000 0.000528 1.066040
50.000000 0.053000 0.002286 0.396000 0.000061 1.153110
3.150000 0.000000 0.003048 0.317000 0.000033 1.227650
8.000000 0.197000 0.000508 0.713000 0.000341 1.245550
63.000000 0.054000 0.001524 0.396000 0.000049 1.166770
63.000000 0.073000 0.002286 0.555000 0.000112 1.115340
8.000000 0.030000 0.003048 0.396000 0.000050 1.295520
8.000000 0.000000 0.001016 0.555000 0.000013 1.279200
3.150000 0.127000 0.000254 0.396000 0.000130 1.235370
8.000000 0.084000 0.000508 0.555000 0.000054 1.285620
2.000000 0.126000 0.001524 0.396000 0.000584 1.147500
125.000000 0.000000 0.003048 0.555000 0.000028 1.110760
40.000000 0.040000 0.002286 0.396000 0.000047 1.191590
6.300000 0.020000 0.002286 0.555000 0.000031 1.268420
25.000000 0.040000 0.002286 0.396000 0.000047 1.196490
6.300000 0.073000 0.002286 0.555000 0.000112 1.309340
2.500000 0.174000 0.000254 0.317000 0.000177 1.169560
12.500000 0.154000 0.000508 0.317000 0.000290 1.232550
12.500000 0.027000 0.001524 0.396000 0.000029 1.308290
4.000000 0.222000 0.000254 0.396000 0.000229 1.234160
80.000000 0.042000 0.000508 0.713000 0.000014 1.252680
8.000000 0.030000 0.003048 0.713000 0.000043 1.294940
40.000000 0.033000 0.001016 0.713000 0.000020 1.287040
10.000000 0.000000 0.003048 0.396000 0.000031 1.278990
25.000000 0.048000 0.000254 0.713000 0.000008 1.308280
8.000000 0.099000 0.001524 0.555000 0.000208 1.265650
31.500000 0.000000 0.000508 0.317000 0.000008 1.354900
31.500000 0.112000 0.000508 0.396000 0.000150 1.196700
20.000000 0.126000 0.001524 0.713000 0.000483 1.175040
5.000000 0.020000 0.002286 0.555000 0.000031 1.246920
16.000000 0.099000 0.001524 0.396000 0.000233 1.185450
10.000000 0.126000 0.001524 0.713000 0.000483 1.220440
4.000000 0.073000 0.002286 0.713000 0.000104 1.394380
25.000000 0.126000 0.001524 0.396000 0.000584 1.068800
16.000000 0.089000 0.001016 0.713000 0.000103 1.287630
31.500000 0.000000 0.000254 0.555000 0.000004 1.305030
2.500000 0.154000 0.000508 0.555000 0.000272 1.241700
63.000000 0.000000 0.001016 0.555000 0.000013 1.277300
16.000000 0.000000 0.001524 0.555000 0.000017 1.301830
16.000000 0.027000 0.001524 0.713000 0.000024 1.306440
5.000000 0.040000 0.002286 0.555000 0.000043 1.273140
3.150000 0.174000 0.000254 0.396000 0.000172 1.151440
10.000000 0.020000 0.002286 0.317000 0.000037 1.303070
40.000000 0.099000 0.001524 0.555000 0.000208 1.129450
16.000000 0.174000 0.000254 0.396000 0.000172 1.276140
2.000000 0.099000 0.001524 0.713000 0.000193 1.343190
6.300000 0.095000 0.000254 0.555000 0.000043 1.254520
40.000000 0.154000 0.000508 0.713000 0.000264 1.226750
10.000000 0.067000 0.001016 0.713000 0.000048 1.367580
40.000000 0.072000 0.001524 0.713000 0.000075 1.193430
63.000000 0.040000 0.002286 0.555000 0.000043 1.171540
6.300000 0.123000 0.001016 0.396000 0.000408 1.213150
63.000000 0.073000 0.002286 0.713000 0.000104 1.158180
12.500000 0.053000 0.002286 0.713000 0.000052 1.333800
4.000000 0.197000 0.000508 0.396000 0.000365 1.306140
25.000000 0.084000 0.000508 0.713000 0.000053 1.342260
31.500000 0.154000 0.000508 0.713000 0.000264 1.257150
40.000000 0.000000 0.003048 0.317000 0.000033 1.181450
16.000000 0.000000 0.003048 0.713000 0.000027 1.275910
2.000000 0.154000 0.000508 0.555000 0.000272 1.229400
31.500000 0.000000 0.000508 0.713000 0.000007 1.350700
31.500000 0.073000 0.002286 0.317000 0.000133 1.132290
100.000000 0.048000 0.000254 0.555000 0.000009 1.269440
3.150000 0.174000 0.000254 0.317000 0.000177 1.184160
6.300000 0.040000 0.002286 0.396000 0.000047 1.295790
100.000000 0.000000 0.001524 0.396000 0.000019 1.154130
3.150000 0.054000 0.001524 0.317000 0.000053 1.257410
80.000000 0.033000 0.001016 0.317000 0.000025 1.174320
10.000000 0.126000 0.001524 0.396000 0.000584 1.146700
3.150000 0.112000 0.000508 0.713000 0.000141 1.283810
4.000000 0.040000 0.003048 0.713000 0.000050 1.295750
3.150000 0.030000 0.003048 0.317000 0.000053 1.231180
20.000000 0.154000 0.000508 0.713000 0.000264 1.292850
31.500000 0.084000 0.000508 0.555000 0.000054 1.284020
100.000000 0.033000 0.001016 0.396000 0.000025 1.153210
25.000000 0.000000 0.003048 0.713000 0.000027 1.255710
5.000000 0.030000 0.003048 0.396000 0.000050 1.276320
12.500000 0.000000 0.001524 0.713000 0.000016 1.289270
8.000000 0.033000 0.001016 0.555000 0.000022 1.291190
3.150000 0.156000 0.001016 0.713000 0.000437 1.338080
25.000000 0.095000 0.000254 0.713000 0.000042 1.359560
10.000000 0.030000 0.003048 0.396000 0.000050 1.283120
20.000000 0.123000 0.001016 0.713000 0.000338 1.222180
8.000000 0.222000 0.000254 0.713000 0.000214 1.232270
4.000000 0.020000 0.002286 0.713000 0.000029 1.251160
3.150000 0.072000 0.001524 0.396000 0.000091 1.305580
12.500000 0.027000 0.001524 0.713000 0.000024 1.301440
3.150000 0.154000 0.000508 0.713000 0.000264 1.261950
50.000000 0.099000 0.001524 0.396000 0.000233 1.111350
16.000000 0.020000 0.002286 0.555000 0.000031 1.267520
50.000000 0.020000 0.002286 0.713000 0.000029 1.228160
6.300000 0.174000 0.000254 0.713000 0.000161 1.226060
31.500000 0.000000 0.001524 0.713000 0.000016 1.293770
100.000000 0.000000 0.001016 0.396000 0.000015 1.195610
8.000000 0.112000 0.000508 0.713000 0.000141 1.360310
100.000000 0.027000 0.001524 0.396000 0.000029 1.125890
25.000000 0.000000 0.003048 0.555000 0.000028 1.241060
25.000000 0.174000 0.000254 0.555000 0.000166 1.249310
8.000000 0.053000 0.002286 0.396000 0.000061 1.294910
160.000000 0.000000 0.001524 0.555000 0.000017 1.128030
8.000000 0.020000 0.002286 0.555000 0.000031 1.284920
80.000000 0.027000 0.001524 0.396000 0.000029 1.166590
50.000000 0.053000 0.002286 0.713000 0.000052 1.180500
31.500000 0.127000 0.000254 0.396000 0.000130 1.278470
4.000000 0.095000 0.000254 0.317000 0.000046 1.247560
10.000000 0.123000 0.001016 0.396000 0.000408 1.224350
8.000000 0.154000 0.000508 0.555000 0.000272 1.304300
6.300000 0.222000 0.000254 0.396000 0.000229 1.370260
25.000000 0.073000 0.002286 0.713000 0.000104 1.220880
5.000000 0.073000 0.002286 0.317000 0.000133 1.281690
10.000000 0.174000 0.000254 0.317000 0.000177 1.317960
3.150000 0.222000 0.000254 0.713000 0.000214 1.158570
12.500000 0.040000 0.002286 0.555000 0.000043 1.312640
16.000000 0.112000 0.000508 0.396000 0.000150 1.265400
5.000000 0.154000 0.000508 0.317000 0.000290 1.236950
40.000000 0.054000 0.001524 0.555000 0.000043 1.197370
6.300000 0.156000 0.001016 0.713000 0.000437 1.222880
2.500000 0.174000 0.000254 0.396000 0.000172 1.147140
8.000000 0.073000 0.002286 0.713000 0.000104 1.307480
31.500000 0.174000 0.000254 0.396000 0.000172 1.235640
8.000000 0.033000 0.001016 0.713000 0.000020 1.310740
16.000000 0.030000 0.003048 0.317000 0.000053 1.220880
31.500000 0.126000 0.001524 0.713000 0.000483 1.133340
20.000000 0.053000 0.002286 0.396000 0.000061 1.179110
31.500000 0.099000 0.001524 0.317000 0.000253 1.122090
12.500000 0.000000 0.001524 0.555000 0.000017 1.299530
12.500000 0.000000 0.003048 0.317000 0.000033 1.243550
25.000000 0.084000 0.000508 0.555000 0.000054 1.315420
12.500000 0.197000 0.000508 0.396000 0.000365 1.186340
80.000000 0.000000 0.003048 0.317000 0.000033 1.105150
6.300000 0.067000 0.001016 0.555000 0.000052 1.330230
12.500000 0.095000 0.000254 0.555000 0.000043 1.322020
20.000000 0.174000 0.000254 0.317000 0.000177 1.243560
4.000000 0.126000 0.001524 0.713000 0.000483 1.270940
20.000000 0.048000 0.000254 0.555000 0.000009 1.250540
50.000000 0.054000 0.001524 0.317000 0.000053 1.156910
2.500000 0.073000 0.002286 0.396000 0.000123 1.318890
25.000000 0.123000 0.001016 0.713000 0.000338 1.213180
25.000000 0.048000 0.000254 0.396000 0.000009 1.312360
8.000000 0.067000 0.001016 0.317000 0.000059 1.328860
80.000000 0.127000 0.000254 0.713000 0.000122 1.205380
10.000000 0.095000 0.000254 0.317000 0.000046 1.313460
63.000000 0.000000 0.001524 0.555000 0.000017 1.233030
20.000000 0.020000 0.002286 0.317000 0.000037 1.230370
6.300000 0.123000 0.001016 0.713000 0.000338 1.353680
200.000000 0.000000 0.002286 0.713000 0.000021 1.144740
40.000000 0.222000 0.000254 0.713000 0.000214 1.239170
31.500000 0.095000 0.000254 0.396000 0.000045 1.299340
3.150000 0.072000 0.001524 0.713000 0.000075 1.287130
16.000000 0.154000 0.000508 0.396000 0.000283 1.248430
50.000000 0.000000 0.000508 0.317000 0.000008 1.332300
16.000000 0.030000 0.003048 0.396000 0.000050 1.227820
50.000000 0.084000 0.000508 0.713000 0.000053 1.211460
5.000000 0.156000 0.001016 0.713000 0.000437 1.306380
31.500000 0.027000 0.001524 0.713000 0.000024 1.270540
12.500000 0.156000 0.001016 0.396000 0.000528 1.182140
40.000000 0.000000 0.002286 0.713000 0.000021 1.258240
16.000000 0.054000 0.001524 0.396000 0.000049 1.262670
63.000000 0.054000 0.001524 0.713000 0.000040 1.164110
3.150000 0.174000 0.000254 0.713000 0.000161 1.158460
25.000000 0.053000 0.002286 0.396000 0.000061 1.161510
20.000000 0.126000 0.001524 0.396000 0.000584 1.095200
16.000000 0.015000 0.003048 0.396000 0.000039 1.222110
6.300000 0.112000 0.000508 0.713000 0.000141 1.336110
25.000000 0.156000 0.001016 0.713000 0.000437 1.189980
6.300000 0.073000 0.002286 0.396000 0.000123 1.289290
8.000000 0.000000 0.001016 0.396000 0.000015 1.284010
16.000000 0.089000 0.001016 0.396000 0.000125 1.238200
63.000000 0.154000 0.000508 0.713000 0.000264 1.152150
63.000000 0.000000 0.000508 0.317000 0.000008 1.303400
10.000000 0.084000 0.000508 0.555000 0.000054 1.307220
10.000000 0.067000 0.001016 0.396000 0.000058 1.345150
12.500000 0.084000 0.000508 0.555000 0.000054 1.322520
50.000000 0.126000 0.001524 0.396000 0.000584 1.041300
125.000000 0.040000 0.002286 0.713000 0.000040 1.142580
50.000000 0.073000 0.002286 0.713000 0.000104 1.152980
2.000000 0.123000 0.001016 0.396000 0.000408 1.285450
5.000000 0.084000 0.000508 0.317000 0.000058 1.229660
25.000000 0.000000 0.001524 0.396000 0.000019 1.268630
40.000000 0.054000 0.001524 0.713000 0.000040 1.214310
80.000000 0.048000 0.000254 0.317000 0.000009 1.270080
31.500000 0.000000 0.000508 0.555000 0.000008 1.348260
2.000000 0.089000 0.001016 0.713000 0.000103 1.335030
25.000000 0.030000 0.003048 0.396000 0.000050 1.201620
8.000000 0.174000 0.000254 0.396000 0.000172 1.353240
12.500000 0.072000 0.001524 0.713000 0.000075 1.325130
50.000000 0.015000 0.003048 0.396000 0.000039 1.162410
8.000000 0.020000 0.002286 0.396000 0.000035 1.290370
4.000000 0.054000 0.001524 0.317000 0.000053 1.277810
50.000000 0.027000 0.001524 0.713000 0.000024 1.243640
63.000000 0.000000 0.001016 0.317000 0.000015 1.242530
63.000000 0.000000 0.002286 0.396000 0.000025 1.174650
4.000000 0.156000 0.001016 0.713000 0.000437 1.340580
25.000000 0.099000 0.001524 0.396000 0.000233 1.162950
63.000000 0.000000 0.000508 0.555000 0.000008 1.327960
100.000000 0.042000 0.000508 0.713000 0.000014 1.212380
20.000000 0.020000 0.002286 0.396000 0.000035 1.227970
6.300000 0.000000 0.001016 0.555000 0.000013 1.261700
10.000000 0.054000 0.001524 0.317000 0.000053 1.282410
31.500000 0.033000 0.001016 0.555000 0.000022 1.306290
3.150000 0.020000 0.002286 0.396000 0.000035 1.201370
31.500000 0.099000 0.001524 0.713000 0.000193 1.168490
100.000000 0.000000 0.000508 0.317000 0.000008 1.224500
100.000000 0.000000 0.000508 0.396000 0.000008 1.259980
5.000000 0.197000 0.000508 0.713000 0.000341 1.269950
50.000000 0.015000 0.003048 0.713000 0.000034 1.196320
125.000000 0.000000 0.000254 0.396000 0.000004 1.291160
5.000000 0.123000 0.001016 0.555000 0.000368 1.337740
25.000000 0.123000 0.001016 0.396000 0.000408 1.133150
4.000000 0.020000 0.002286 0.396000 0.000035 1.221470
20.000000 0.033000 0.001016 0.555000 0.000022 1.336490
2.000000 0.123000 0.001016 0.317000 0.000419 1.249870
16.000000 0.174000 0.000254 0.317000 0.000177 1.268460
2.500000 0.040000 0.003048 0.713000 0.000050 1.263950
12.500000 0.033000 0.001016 0.713000 0.000020 1.323040
10.000000 0.156000 0.001016 0.713000 0.000437 1.244380
12.500000 0.000000 0.000508 0.555000 0.000008 1.270760
25.000000 0.000000 0.003048 0.317000 0.000033 1.207550
6.300000 0.000000 0.001016 0.396000 0.000015 1.254010
6.300000 0.126000 0.001524 0.396000 0.000584 1.165500
4.000000 0.000000 0.003048 0.396000 0.000031 1.248090
20.000000 0.040000 0.003048 0.396000 0.000058 1.209630
6.300000 0.123000 0.001016 0.317000 0.000419 1.192870
31.500000 0.054000 0.001524 0.555000 0.000043 1.215870
63.000000 0.000000 0.001524 0.713000 0.000016 1.254270
160.000000 0.040000 0.002286 0.713000 0.000040 1.127680
31.500000 0.054000 0.001524 0.713000 0.000040 1.233110
5.000000 0.040000 0.002286 0.317000 0.000051 1.289390
63.000000 0.030000 0.003048 0.555000 0.000045 1.156790
10.000000 0.042000 0.000508 0.396000 0.000015 1.256470
16.000000 0.053000 0.002286 0.713000 0.000052 1.304600
6.300000 0.027000 0.001524 0.713000 0.000024 1.274040
12.500000 0.030000 0.003048 0.396000 0.000050 1.258020
8.000000 0.053000 0.002286 0.713000 0.000052 1.334800
20.000000 0.127000 0.000254 0.713000 0.000122 1.342280
8.000000 0.099000 0.001524 0.713000 0.000193 1.288790
63.000000 0.099000 0.001524 0.396000 0.000233 1.098850
8.000000 0.048000 0.000254 0.396000 0.000009 1.207660
6.300000 0.015000 0.003048 0.396000 0.000039 1.283110
8.000000 0.084000 0.000508 0.317000 0.000058 1.282460
16.000000 0.084000 0.000508 0.396000 0.000057 1.309650
31.500000 0.000000 0.003048 0.317000 0.000033 1.191350
6.300000 0.033000 0.001016 0.396000 0.000025 1.272510
2.500000 0.099000 0.001524 0.713000 0.000193 1.353290
16.000000 0.095000 0.000254 0.555000 0.000043 1.330620
2.500000 0.099000 0.001524 0.396000 0.000233 1.283350
12.500000 0.000000 0.001016 0.555000 0.000013 1.314300
12.500000 0.000000 0.002286 0.317000 0.000027 1.288050
2.500000 0.222000 0.000254 0.396000 0.000229 1.173860
16.000000 0.123000 0.001016 0.317000 0.000419 1.144770
20.000000 0.000000 0.001016 0.317000 0.000015 1.331530
10.000000 0.027000 0.001524 0.713000 0.000024 1.287740
40.000000 0.015000 0.003048 0.396000 0.000039 1.177410
3.150000 0.123000 0.001016 0.713000 0.000338 1.370680
8.000000 0.048000 0.000254 0.317000 0.000009 1.226480
16.000000 0.000000 0.001524 0.713000 0.000016 1.296670
20.000000 0.040000 0.003048 0.713000 0.000050 1.243950
12.500000 0.095000 0.000254 0.317000 0.000046 1.314460
5.000000 0.067000 0.001016 0.396000 0.000058 1.309550
25.000000 0.000000 0.000254 0.396000 0.000004 1.318360
31.500000 0.000000 0.002286 0.713000 0.000021 1.278340
10.000000 0.000000 0.000508 0.713000 0.000007 1.294500
12.500000 0.054000 0.001524 0.555000 0.000043 1.307770
31.500000 0.084000 0.000508 0.396000 0.000057 1.239650
20.000000 0.089000 0.001016 0.396000 0.000125 1.190400
20.000000 0.015000 0.003048 0.396000 0.000039 1.221010
50.000000 0.099000 0.001524 0.555000 0.000208 1.120650
12.500000 0.126000 0.001524 0.396000 0.000584 1.121600
31.500000 0.020000 0.002286 0.317000 0.000037 1.215270
40.000000 0.000000 0.001016 0.317000 0.000015 1.269330
6.300000 0.020000 0.002286 0.317000 0.000037 1.290570
63.000000 0.000000 0.002286 0.713000 0.000021 1.220440
4.000000 0.084000 0.000508 0.555000 0.000054 1.215820
4.000000 0.174000 0.000254 0.555000 0.000166 1.154610
31.500000 0.084000 0.000508 0.713000 0.000053 1.319660
3.150000 0.197000 0.000508 0.396000 0.000365 1.298640
100.000000 0.000000 0.003048 0.713000 0.000027 1.153910
16.000000 0.154000 0.000508 0.555000 0.000272 1.282000
20.000000 0.072000 0.001524 0.713000 0.000075 1.286430
31.500000 0.030000 0.003048 0.317000 0.000053 1.181080
100.000000 0.053000 0.002286 0.713000 0.000052 1.113500
12.500000 0.127000 0.000254 0.396000 0.000130 1.307770
12.500000 0.067000 0.001016 0.317000 0.000059 1.292560
3.150000 0.123000 0.001016 0.396000 0.000408 1.294150
10.000000 0.073000 0.002286 0.317000 0.000133 1.190990
40.000000 0.000000 0.001524 0.396000 0.000019 1.253430
50.000000 0.000000 0.001016 0.396000 0.000015 1.260210
6.300000 0.095000 0.000254 0.317000 0.000046 1.290060
20.000000 0.000000 0.000254 0.555000 0.000004 1.276230
31.500000 0.073000 0.002286 0.396000 0.000123 1.143090
4.000000 0.040000 0.002286 0.555000 0.000043 1.232740
125.000000 0.000000 0.001016 0.555000 0.000013 1.199100
31.500000 0.123000 0.001016 0.317000 0.000419 1.103070
8.000000 0.040000 0.002286 0.317000 0.000051 1.308690
10.000000 0.040000 0.002286 0.396000 0.000047 1.299690
2.500000 0.123000 0.001016 0.713000 0.000338 1.315680
25.000000 0.089000 0.001016 0.713000 0.000103 1.236230
40.000000 0.127000 0.000254 0.396000 0.000130 1.265370
16.000000 0.000000 0.002286 0.713000 0.000021 1.291340
40.000000 0.020000 0.002286 0.555000 0.000031 1.222320
50.000000 0.099000 0.001524 0.713000 0.000193 1.145690
5.000000 0.095000 0.000254 0.396000 0.000045 1.238940
4.000000 0.154000 0.000508 0.713000 0.000264 1.268050
8.000000 0.123000 0.001016 0.396000 0.000408 1.223150
5.000000 0.099000 0.001524 0.317000 0.000253 1.271790
4.000000 0.030000 0.003048 0.713000 0.000043 1.275640
4.000000 0.053000 0.002286 0.713000 0.000052 1.277000
125.000000 0.000000 0.000254 0.555000 0.000004 1.314530
3.150000 0.154000 0.000508 0.317000 0.000290 1.228450
50.000000 0.040000 0.003048 0.713000 0.000050 1.177850
3.150000 0.126000 0.001524 0.713000 0.000483 1.284840
12.500000 0.000000 0.001016 0.396000 0.000015 1.322710
8.000000 0.154000 0.000508 0.713000 0.000264 1.315150
10.000000 0.033000 0.001016 0.317000 0.000025 1.330120
40.000000 0.054000 0.001524 0.396000 0.000049 1.171370
6.300000 0.123000 0.001016 0.555000 0.000368 1.242440
63.000000 0.099000 0.001524 0.555000 0.000208 1.105550
63.000000 0.000000 0.001524 0.396000 0.000019 1.213130
50.000000 0.033000 0.001016 0.555000 0.000022 1.248390
6.300000 0.040000 0.002286 0.713000 0.000040 1.290380
6.300000 0.126000 0.001524 0.713000 0.000483 1.233040
3.150000 0.015000 0.003048 0.396000 0.000039 1.218510
10.000000 0.095000 0.000254 0.396000 0.000045 1.303740
8.000000 0.033000 0.001016 0.396000 0.000025 1.299910
6.300000 0.197000 0.000508 0.396000 0.000365 1.203240
5.000000 0.020000 0.002286 0.713000 0.000029 1.264860
25.000000 0.084000 0.000508 0.317000 0.000058 1.255760
100.000000 0.127000 0.000254 0.713000 0.000122 1.144180
4.000000 0.112000 0.000508 0.713000 0.000141 1.292810
50.000000 0.000000 0.002286 0.713000 0.000021 1.243040
20.000000 0.000000 0.001016 0.396000 0.000015 1.332510
12.500000 0.000000 0.003048 0.396000 0.000031 1.254990
31.500000 0.000000 0.002286 0.555000 0.000023 1.251600
25.000000 0.112000 0.000508 0.713000 0.000141 1.305410
6.300000 0.095000 0.000254 0.396000 0.000045 1.265140
8.000000 0.067000 0.001016 0.713000 0.000048 1.344780
40.000000 0.174000 0.000254 0.555000 0.000166 1.217710
8.000000 0.073000 0.002286 0.555000 0.000112 1.284440
10.000000 0.053000 0.002286 0.396000 0.000061 1.255810
2.000000 0.156000 0.001016 0.713000 0.000437 1.308980
40.000000 0.000000 0.001016 0.396000 0.000015 1.278010
6.300000 0.072000 0.001524 0.396000 0.000091 1.331980
4.000000 0.000000 0.003048 0.317000 0.000033 1.250450
8.000000 0.112000 0.000508 0.396000 0.000150 1.337900
10.000000 0.040000 0.003048 0.396000 0.000058 1.287230
125.000000 0.000000 0.000508 0.555000 0.000008 1.253760
2.000000 0.073000 0.002286 0.713000 0.000104 1.387580
3.150000 0.073000 0.002286 0.396000 0.000123 1.321490
100.000000 0.000000 0.001016 0.555000 0.000013 1.219300
10.000000 0.030000 0.003048 0.555000 0.000045 1.293290
12.500000 0.112000 0.000508 0.713000 0.000141 1.361910
2.500000 0.154000 0.000508 0.713000 0.000264 1.248350
8.000000 0.127000 0.000254 0.396000 0.000130 1.302170
25.000000 0.095000 0.000254 0.396000 0.000045 1.312340
8.000000 0.154000 0.000508 0.396000 0.000283 1.284230
12.500000 0.067000 0.001016 0.713000 0.000048 1.376580
8.000000 0.095000 0.000254 0.317000 0.000046 1.307460
31.500000 0.154000 0.000508 0.317000 0.000290 1.180450
63.000000 0.099000 0.001524 0.317000 0.000253 1.086890
16.000000 0.000000 0.002286 0.555000 0.000023 1.267900
160.000000 0.000000 0.003048 0.713000 0.000027 1.087210
125.000000 0.000000 0.000254 0.317000 0.000004 1.289770
63.000000 0.030000 0.003048 0.396000 0.000050 1.140420
50.000000 0.000000 0.000254 0.555000 0.000004 1.358030
10.000000 0.054000 0.001524 0.555000 0.000043 1.321270
25.000000 0.000000 0.000508 0.396000 0.000008 1.349380
2.500000 0.174000 0.000254 0.555000 0.000166 1.104910
6.300000 0.099000 0.001524 0.317000 0.000253 1.260490
20.000000 0.000000 0.003048 0.555000 0.000028 1.266160
50.000000 0.033000 0.001016 0.713000 0.000020 1.270540
8.000000 0.067000 0.001016 0.555000 0.000052 1.359530
40.000000 0.095000 0.000254 0.713000 0.000042 1.342360
80.000000 0.030000 0.003048 0.555000 0.000045 1.137990
5.000000 0.020000 0.002286 0.396000 0.000035 1.251570
16.000000 0.154000 0.000508 0.317000 0.000290 1.214850
5.000000 0.154000 0.000508 0.555000 0.000272 1.272200
31.500000 0.000000 0.003048 0.396000 0.000031 1.203190
40.000000 0.073000 0.002286 0.713000 0.000104 1.192080
4.000000 0.123000 0.001016 0.713000 0.000338 1.394280
63.000000 0.000000 0.003048 0.396000 0.000031 1.162290
63.000000 0.095000 0.000254 0.555000 0.000043 1.242220
10.000000 0.072000 0.001524 0.713000 0.000075 1.342730
2.000000 0.222000 0.000254 0.396000 0.000229 1.160660
63.000000 0.040000 0.003048 0.713000 0.000050 1.161650
6.300000 0.084000 0.000508 0.555000 0.000054 1.261520
20.000000 0.000000 0.000254 0.396000 0.000004 1.300260
31.500000 0.174000 0.000254 0.555000 0.000166 1.241010
31.500000 0.127000 0.000254 0.713000 0.000122 1.337580
6.300000 0.073000 0.002286 0.713000 0.000104 1.337680
31.500000 0.154000 0.000508 0.396000 0.000283 1.205130
2.000000 0.197000 0.000508 0.713000 0.000341 1.180050
16.000000 0.027000 0.001524 0.396000 0.000029 1.300490
12.500000 0.099000 0.001524 0.396000 0.000233 1.205550
31.500000 0.020000 0.002286 0.396000 0.000035 1.216270
40.000000 0.084000 0.000508 0.713000 0.000053 1.269260
63.000000 0.015000 0.003048 0.396000 0.000039 1.147510
50.000000 0.000000 0.000254 0.317000 0.000004 1.386070
12.500000 0.073000 0.002286 0.713000 0.000104 1.273580
16.000000 0.156000 0.001016 0.713000 0.000437 1.215280
20.000000 0.084000 0.000508 0.713000 0.000053 1.344760
2.500000 0.156000 0.001016 0.713000 0.000437 1.321580
40.000000 0.000000 0.003048 0.555000 0.000028 1.211060
6.300000 0.040000 0.002286 0.555000 0.000043 1.299640
12.500000 0.000000 0.000254 0.317000 0.000004 1.279470
31.500000 0.000000 0.001524 0.555000 0.000017 1.277530
16.000000 0.222000 0.000254 0.713000 0.000214 1.318170
63.000000 0.000000 0.000254 0.713000 0.000004 1.349870
63.000000 0.030000 0.003048 0.713000 0.000043 1.161340
6.300000 0.067000 0.001016 0.396000 0.000058 1.333550
50.000000 0.048000 0.000254 0.555000 0.000009 1.354840
25.000000 0.020000 0.002286 0.555000 0.000031 1.238620
80.000000 0.048000 0.000254 0.555000 0.000009 1.321840
40.000000 0.000000 0.000508 0.713000 0.000007 1.344300
63.000000 0.123000 0.001016 0.555000 0.000368 1.101240
10.000000 0.000000 0.001016 0.317000 0.000015 1.313130
2.500000 0.000000 0.003048 0.396000 0.000031 1.193190
10.000000 0.073000 0.002286 0.396000 0.000123 1.225390
20.000000 0.000000 0.001016 0.555000 0.000013 1.325400
6.300000 0.174000 0.000254 0.317000 0.000177 1.368860
63.000000 0.000000 0.000254 0.555000 0.000004 1.361030
125.000000 0.000000 0.000254 0.713000 0.000004 1.332070
100.000000 0.000000 0.003048 0.396000 0.000031 1.121390
40.000000 0.000000 0.001524 0.713000 0.000016 1.288570
5.000000 0.089000 0.001016 0.396000 0.000125 1.337900
10.000000 0.099000 0.001524 0.317000 0.000253 1.221490
63.000000 0.095000 0.000254 0.317000 0.000046 1.207260
16.000000 0.053000 0.002286 0.396000 0.000061 1.230810
6.300000 0.020000 0.002286 0.396000 0.000035 1.274170
80.000000 0.000000 0.000254 0.713000 0.000004 1.298670
5.000000 0.156000 0.001016 0.396000 0.000528 1.153040
10.000000 0.000000 0.002286 0.317000 0.000027 1.305950
16.000000 0.174000 0.000254 0.713000 0.000161 1.264060
6.300000 0.053000 0.002286 0.713000 0.000052 1.318000
6.300000 0.154000 0.000508 0.713000 0.000264 1.296450
2.000000 0.073000 0.002286 0.317000 0.000133 1.286790
40.000000 0.030000 0.003048 0.396000 0.000050 1.167920
4.000000 0.054000 0.001524 0.396000 0.000049 1.276370
31.500000 0.089000 0.001016 0.396000 0.000125 1.193500
31.500000 0.040000 0.002286 0.555000 0.000043 1.223940
10.000000 0.112000 0.000508 0.713000 0.000141 1.369410
20.000000 0.048000 0.000254 0.396000 0.000009 1.289160
40.000000 0.095000 0.000254 0.396000 0.000045 1.278640
80.000000 0.027000 0.001524 0.713000 0.000024 1.205340
10.000000 0.020000 0.002286 0.396000 0.000035 1.291470
100.000000 0.020000 0.002286 0.713000 0.000029 1.130860
5.000000 0.197000 0.000508 0.396000 0.000365 1.284440
6.300000 0.127000 0.000254 0.396000 0.000130 1.288670
31.500000 0.053000 0.002286 0.396000 0.000061 1.184410
80.000000 0.040000 0.002286 0.396000 0.000047 1.131290
31.500000 0.197000 0.000508 0.396000 0.000365 1.130040
25.000000 0.040000 0.002286 0.555000 0.000043 1.223840
40.000000 0.197000 0.000508 0.396000 0.000365 1.086840
25.000000 0.000000 0.001524 0.317000 0.000021 1.258670
10.000000 0.089000 0.001016 0.713000 0.000103 1.354330
80.000000 0.174000 0.000254 0.713000 0.000161 1.154660
25.000000 0.040000 0.002286 0.713000 0.000040 1.243380
10.000000 0.000000 0.001524 0.317000 0.000021 1.309870
16.000000 0.067000 0.001016 0.713000 0.000048 1.366780
20.000000 0.000000 0.002286 0.713000 0.000021 1.282440
16.000000 0.000000 0.000254 0.317000 0.000004 1.292670
20.000000 0.020000 0.002286 0.713000 0.000029 1.268960
50.000000 0.040000 0.002286 0.396000 0.000047 1.176490
20.000000 0.099000 0.001524 0.317000 0.000253 1.168590
40.000000 0.073000 0.002286 0.555000 0.000112 1.172840
16.000000 0.020000 0.002286 0.396000 0.000035 1.258370
20.000000 0.099000 0.001524 0.396000 0.000233 1.179250
4.000000 0.073000 0.002286 0.317000 0.000133 1.302690
40.000000 0.027000 0.001524 0.396000 0.000029 1.218890
31.500000 0.030000 0.003048 0.555000 0.000045 1.201890
31.500000 0.015000 0.003048 0.713000 0.000034 1.233920
4.000000 0.154000 0.000508 0.317000 0.000290 1.237050
10.000000 0.040000 0.003048 0.713000 0.000050 1.310150
63.000000 0.048000 0.000254 0.396000 0.000009 1.343360
50.000000 0.020000 0.002286 0.317000 0.000037 1.182670
10.000000 0.000000 0.001524 0.396000 0.000019 1.300330
16.000000 0.000000 0.001016 0.555000 0.000013 1.320500
50.000000 0.000000 0.000508 0.396000 0.000008 1.343080
80.000000 0.154000 0.000508 0.713000 0.000264 1.126750
20.000000 0.089000 0.001016 0.713000 0.000103 1.242330
6.300000 0.000000 0.001016 0.713000 0.000012 1.241550
20.000000 0.000000 0.000254 0.317000 0.000004 1.306970
10.000000 0.015000 0.003048 0.396000 0.000039 1.275810
50.000000 0.033000 0.001016 0.396000 0.000025 1.223710
40.000000 0.042000 0.000508 0.713000 0.000014 1.335980
31.500000 0.197000 0.000508 0.713000 0.000341 1.162250
80.000000 0.042000 0.000508 0.396000 0.000015 1.203970
2.000000 0.099000 0.001524 0.555000 0.000208 1.319550
31.500000 0.095000 0.000254 0.555000 0.000043 1.332520
8.000000 0.027000 0.001524 0.713000 0.000024 1.273940
50.000000 0.000000 0.002286 0.317000 0.000027 1.205050
5.000000 0.067000 0.001016 0.555000 0.000052 1.293430
2.500000 0.127000 0.000254 0.713000 0.000122 1.196980
8.000000 0.030000 0.003048 0.317000 0.000053 1.287080
4.000000 0.174000 0.000254 0.713000 0.000161 1.173960
12.500000 0.084000 0.000508 0.317000 0.000058 1.301560
20.000000 0.027000 0.001524 0.396000 0.000029 1.281390
63.000000 0.222000 0.000254 0.713000 0.000214 1.231270
3.150000 0.099000 0.001524 0.555000 0.000208 1.323550
12.500000 0.112000 0.000508 0.396000 0.000150 1.300500
40.000000 0.126000 0.001524 0.713000 0.000483 1.080340
2.500000 0.126000 0.001524 0.713000 0.000483 1.297440
12.500000 0.020000 0.002286 0.396000 0.000035 1.282570
20.000000 0.123000 0.001016 0.317000 0.000419 1.104470
25.000000 0.020000 0.002286 0.713000 0.000029 1.270060
4.000000 0.030000 0.003048 0.555000 0.000045 1.261590
31.500000 0.000000 0.001524 0.317000 0.000021 1.242070
20.000000 0.000000 0.001016 0.713000 0.000012 1.320950
4.000000 0.015000 0.003048 0.396000 0.000039 1.240010
12.500000 0.174000 0.000254 0.713000 0.000161 1.263560
2.000000 0.126000 0.001524 0.713000 0.000483 1.283540
16.000000 0.040000 0.002286 0.555000 0.000043 1.282640
12.500000 0.040000 0.002286 0.713000 0.000040 1.317180
31.500000 0.067000 0.001016 0.713000 0.000048 1.244580
20.000000 0.154000 0.000508 0.555000 0.000272 1.270400
10.000000 0.030000 0.003048 0.317000 0.000053 1.268380
6.300000 0.054000 0.001524 0.713000 0.000040 1.289710
16.000000 0.000000 0.000508 0.713000 0.000007 1.296800
8.000000 0.084000 0.000508 0.396000 0.000057 1.284350
8.000000 0.000000 0.002286 0.555000 0.000023 1.275300
20.000000 0.095000 0.000254 0.555000 0.000043 1.340520
31.500000 0.000000 0.000254 0.713000 0.000004 1.370070
31.500000 0.073000 0.002286 0.713000 0.000104 1.204580
100.000000 0.000000 0.000508 0.555000 0.000008 1.276360
16.000000 0.073000 0.002286 0.713000 0.000104 1.257280
4.000000 0.156000 0.001016 0.396000 0.000528 1.204840
80.000000 0.048000 0.000254 0.396000 0.000009 1.313460
80.000000 0.000000 0.000254 0.555000 0.000004 1.361630
2.500000 0.095000 0.000254 0.396000 0.000045 1.169240
12.500000 0.123000 0.001016 0.713000 0.000338 1.266480
25.000000 0.174000 0.000254 0.396000 0.000172 1.241540
31.500000 0.000000 0.000254 0.317000 0.000004 1.352270
4.000000 0.040000 0.002286 0.396000 0.000047 1.238790
80.000000 0.030000 0.003048 0.713000 0.000043 1.146340
16.000000 0.072000 0.001524 0.396000 0.000091 1.200580
31.500000 0.084000 0.000508 0.317000 0.000058 1.220860
50.000000 0.000000 0.002286 0.555000 0.000023 1.224100
2.500000 0.123000 0.001016 0.396000 0.000408 1.296750
20.000000 0.042000 0.000508 0.396000 0.000015 1.325870
8.000000 0.154000 0.000508 0.317000 0.000290 1.255550
50.000000 0.000000 0.001524 0.713000 0.000016 1.264570
160.000000 0.000000 0.001524 0.713000 0.000016 1.132970
100.000000 0.048000 0.000254 0.713000 0.000008 1.273980
40.000000 0.020000 0.002286 0.317000 0.000037 1.205270
63.000000 0.000000 0.000254 0.396000 0.000004 1.368260
100.000000 0.033000 0.001016 0.713000 0.000020 1.166940
25.000000 0.042000 0.000508 0.396000 0.000015 1.338470
31.500000 0.048000 0.000254 0.396000 0.000009 1.334360
40.000000 0.099000 0.001524 0.396000 0.000233 1.122650
8.000000 0.127000 0.000254 0.713000 0.000122 1.303480
4.000000 0.127000 0.000254 0.713000 0.000122 1.250480
125.000000 0.040000 0.003048 0.713000 0.000050 1.074050
12.500000 0.000000 0.000508 0.317000 0.000008 1.292700
25.000000 0.054000 0.001524 0.713000 0.000040 1.275910
12.500000 0.020000 0.002286 0.555000 0.000031 1.287620
25.000000 0.154000 0.000508 0.713000 0.000264 1.276250
16.000000 0.156000 0.001016 0.396000 0.000528 1.145540
50.000000 0.156000 0.001016 0.396000 0.000528 1.062240
31.500000 0.054000 0.001524 0.396000 0.000049 1.191370
3.150000 0.067000 0.001016 0.317000 0.000059 1.262660
16.000000 0.040000 0.002286 0.317000 0.000051 1.252290
160.000000 0.048000 0.000254 0.713000 0.000008 1.242080
40.000000 0.154000 0.000508 0.396000 0.000283 1.181130
20.000000 0.000000 0.002286 0.317000 0.000027 1.234550
6.300000 0.000000 0.001016 0.317000 0.000015 1.264130
31.500000 0.000000 0.001016 0.396000 0.000015 1.309610
100.000000 0.000000 0.001524 0.555000 0.000017 1.192530
50.000000 0.073000 0.002286 0.317000 0.000133 1.110290
3.150000 0.000000 0.003048 0.396000 0.000031 1.227790
125.000000 0.015000 0.003048 0.396000 0.000039 1.061110
6.300000 0.000000 0.002286 0.555000 0.000023 1.261600
50.000000 0.127000 0.000254 0.713000 0.000122 1.289780
31.500000 0.000000 0.000254 0.396000 0.000004 1.332760
8.000000 0.040000 0.002286 0.396000 0.000047 1.304690
6.300000 0.084000 0.000508 0.396000 0.000057 1.260450
25.000000 0.000000 0.000508 0.713000 0.000007 1.313100
20.000000 0.154000 0.000508 0.396000 0.000283 1.234430
20.000000 0.000000 0.000508 0.713000 0.000007 1.310600
12.500000 0.073000 0.002286 0.555000 0.000112 1.257240
100.000000 0.027000 0.001524 0.713000 0.000024 1.167240
16.000000 0.000000 0.000508 0.317000 0.000008 1.310100
20.000000 0.112000 0.000508 0.713000 0.000141 1.333110
31.500000 0.042000 0.000508 0.396000 0.000015 1.335870
5.000000 0.053000 0.002286 0.396000 0.000061 1.322510
63.000000 0.000000 0.003048 0.713000 0.000027 1.195410
12.500000 0.123000 0.001016 0.317000 0.000419 1.187670
40.000000 0.000000 0.001524 0.555000 0.000017 1.272330
5.000000 0.174000 0.000254 0.396000 0.000172 1.175140
40.000000 0.222000 0.000254 0.396000 0.000229 1.196460
20.000000 0.197000 0.000508 0.396000 0.000365 1.177240
6.300000 0.089000 0.001016 0.713000 0.000103 1.384230
50.000000 0.048000 0.000254 0.317000 0.000009 1.352480
6.300000 0.197000 0.000508 0.713000 0.000341 1.283650
31.500000 0.222000 0.000254 0.713000 0.000214 1.241270
6.300000 0.040000 0.003048 0.713000 0.000050 1.316150
6.300000 0.048000 0.000254 0.317000 0.000009 1.200780
8.000000 0.027000 0.001524 0.396000 0.000029 1.288290
40.000000 0.095000 0.000254 0.317000 0.000046 1.267360
6.300000 0.030000 0.003048 0.317000 0.000053 1.286980
5.000000 0.084000 0.000508 0.555000 0.000054 1.237420
10.000000 0.067000 0.001016 0.317000 0.000059 1.316360
40.000000 0.084000 0.000508 0.317000 0.000058 1.181060
40.000000 0.040000 0.002286 0.555000 0.000043 1.206540
16.000000 0.033000 0.001016 0.317000 0.000025 1.334020
10.000000 0.000000 0.001016 0.555000 0.000013 1.298000
8.000000 0.095000 0.000254 0.555000 0.000043 1.280820
100.000000 0.033000 0.001016 0.555000 0.000022 1.156590
8.000000 0.156000 0.001016 0.713000 0.000437 1.241880
25.000000 0.067000 0.001016 0.555000 0.000052 1.242730
2.000000 0.089000 0.001016 0.396000 0.000125 1.334200
3.150000 0.197000 0.000508 0.713000 0.000341 1.212350
12.500000 0.033000 0.001016 0.555000 0.000022 1.327690
4.000000 0.040000 0.002286 0.317000 0.000051 1.261490
8.000000 0.020000 0.002286 0.317000 0.000037 1.303070
80.000000 0.000000 0.000508 0.396000 0.000008 1.285180
16.000000 0.042000 0.000508 0.396000 0.000015 1.301970
20.000000 0.040000 0.002286 0.713000 0.000040 1.262180
16.000000 0.067000 0.001016 0.317000 0.000059 1.243460
63.000000 0.000000 0.000254 0.317000 0.000004 1.385370
10.000000 0.197000 0.000508 0.396000 0.000365 1.189040
25.000000 0.197000 0.000508 0.713000 0.000341 1.183850
8.000000 0.089000 0.001016 0.713000 0.000103 1.378130
12.500000 0.000000 0.001016 0.317000 0.000015 1.330630
31.500000 0.048000 0.000254 0.317000 0.000009 1.342680
50.000000 0.154000 0.000508 0.396000 0.000283 1.144530
5.000000 0.027000 0.001524 0.396000 0.000029 1.210090
25.000000 0.040000 0.002286 0.317000 0.000051 1.202090
63.000000 0.000000 0.001016 0.713000 0.000012 1.293950
6.300000 0.154000 0.000508 0.555000 0.000272 1.293300
125.000000 0.000000 0.000508 0.396000 0.000008 1.239880
25.000000 0.000000 0.000254 0.555000 0.000004 1.300730
50.000000 0.123000 0.001016 0.555000 0.000368 1.120140
5.000000 0.123000 0.001016 0.396000 0.000408 1.222050
12.500000 0.099000 0.001524 0.713000 0.000193 1.226790
5.000000 0.099000 0.001524 0.713000 0.000193 1.312790
5.000000 0.095000 0.000254 0.317000 0.000046 1.268860
31.500000 0.073000 0.002286 0.555000 0.000112 1.171340
2.500000 0.089000 0.001016 0.396000 0.000125 1.343400
8.000000 0.020000 0.002286 0.713000 0.000029 1.282160
25.000000 0.030000 0.003048 0.555000 0.000045 1.224390
4.000000 0.123000 0.001016 0.555000 0.000368 1.364140
20.000000 0.067000 0.001016 0.555000 0.000052 1.296530
2.000000 0.112000 0.000508 0.713000 0.000141 1.259410
2.000000 0.197000 0.000508 0.396000 0.000365 1.259740
20.000000 0.054000 0.001524 0.317000 0.000053 1.227710
2.500000 0.126000 0.001524 0.396000 0.000584 1.158900
80.000000 0.054000 0.001524 0.555000 0.000043 1.149270
25.000000 0.027000 0.001524 0.396000 0.000029 1.255890
50.000000 0.095000 0.000254 0.713000 0.000042 1.311860
25.000000 0.020000 0.002286 0.396000 0.000035 1.213970
8.000000 0.000000 0.001524 0.713000 0.000016 1.258170
2.000000 0.095000 0.000254 0.396000 0.000045 1.160740
125.000000 0.015000 0.003048 0.713000 0.000034 1.092220
63.000000 0.020000 0.002286 0.317000 0.000037 1.151370
50.000000 0.000000 0.001016 0.555000 0.000013 1.283600
8.000000 0.000000 0.003048 0.555000 0.000028 1.280860
10.000000 0.073000 0.002286 0.713000 0.000104 1.268380
16.000000 0.000000 0.001016 0.317000 0.000015 1.335530
20.000000 0.030000 0.003048 0.317000 0.000053 1.200880
20.000000 0.000000 0.001524 0.396000 0.000019 1.296330
50.000000 0.000000 0.000508 0.713000 0.000007 1.344300
63.000000 0.099000 0.001524 0.713000 0.000193 1.120390
20.000000 0.000000 0.003048 0.713000 0.000027 1.274610
25.000000 0.033000 0.001016 0.317000 0.000025 1.303920
25.000000 0.048000 0.000254 0.317000 0.000009 1.325880
2.000000 0.099000 0.001524 0.396000 0.000233 1.273150
20.000000 0.053000 0.002286 0.713000 0.000052 1.258900
16.000000 0.054000 0.001524 0.555000 0.000043 1.305670
63.000000 0.095000 0.000254 0.396000 0.000045 1.203240
25.000000 0.127000 0.000254 0.396000 0.000130 1.290270
8.000000 0.174000 0.000254 0.317000 0.000177 1.392260
12.500000 0.123000 0.001016 0.396000 0.000408 1.211650
20.000000 0.027000 0.001524 0.713000 0.000024 1.301140
2.000000 0.154000 0.000508 0.713000 0.000264 1.235950
6.300000 0.099000 0.001524 0.396000 0.000233 1.264650
25.000000 0.089000 0.001016 0.396000 0.000125 1.191900
2.000000 0.154000 0.000508 0.396000 0.000283 1.217830
6.300000 0.073000 0.002286 0.317000 0.000133 1.261890
10.000000 0.054000 0.001524 0.713000 0.000040 1.332010
31.500000 0.000000 0.003048 0.713000 0.000027 1.252010
100.000000 0.030000 0.003048 0.555000 0.000045 1.121690
40.000000 0.000000 0.001016 0.713000 0.000012 1.309350
4.000000 0.174000 0.000254 0.396000 0.000172 1.154440
5.000000 0.054000 0.001524 0.713000 0.000040 1.262910
10.000000 0.000000 0.001016 0.396000 0.000015 1.307810
2.500000 0.154000 0.000508 0.396000 0.000283 1.228930
125.000000 0.000000 0.000508 0.317000 0.000008 1.190700
8.000000 0.123000 0.001016 0.317000 0.000419 1.200370
31.500000 0.053000 0.002286 0.713000 0.000052 1.231200
10.000000 0.033000 0.001016 0.396000 0.000025 1.319710
25.000000 0.048000 0.000254 0.555000 0.000009 1.291440
3.150000 0.089000 0.001016 0.396000 0.000125 1.353800
10.000000 0.112000 0.000508 0.396000 0.000150 1.324300
50.000000 0.033000 0.001016 0.317000 0.000025 1.220820
8.000000 0.174000 0.000254 0.555000 0.000166 1.230910
10.000000 0.000000 0.003048 0.555000 0.000028 1.269660
63.000000 0.073000 0.002286 0.317000 0.000133 1.106890
5.000000 0.222000 0.000254 0.396000 0.000229 1.297760
20.000000 0.040000 0.002286 0.317000 0.000051 1.220890
200.000000 0.000000 0.000254 0.555000 0.000004 1.219330
16.000000 0.123000 0.001016 0.713000 0.000338 1.247480
2.000000 0.123000 0.001016 0.555000 0.000368 1.323040
31.500000 0.000000 0.003048 0.555000 0.000028 1.232360
8.000000 0.000000 0.002286 0.396000 0.000025 1.302050
20.000000 0.084000 0.000508 0.555000 0.000054 1.330420
6.300000 0.033000 0.001016 0.555000 0.000022 1.265990
63.000000 0.027000 0.001524 0.713000 0.000024 1.219440
100.000000 0.040000 0.003048 0.713000 0.000050 1.109050
12.500000 0.020000 0.002286 0.713000 0.000029 1.288160
3.150000 0.123000 0.001016 0.555000 0.000368 1.356740
31.500000 0.089000 0.001016 0.713000 0.000103 1.232630
50.000000 0.000000 0.003048 0.396000 0.000031 1.177890
6.300000 0.020000 0.002286 0.713000 0.000029 1.273560
5.000000 0.126000 0.001524 0.713000 0.000483 1.216640
40.000000 0.123000 0.001016 0.555000 0.000368 1.144040
16.000000 0.095000 0.000254 0.713000 0.000042 1.337560
2.500000 0.073000 0.002286 0.713000 0.000104 1.399180
3.150000 0.099000 0.001524 0.396000 0.000233 1.285950
31.500000 0.040000 0.002286 0.317000 0.000051 1.202290
63.000000 0.020000 0.002286 0.396000 0.000035 1.164170
125.000000 0.000000 0.001524 0.713000 0.000016 1.170870
4.000000 0.000000 0.002286 0.555000 0.000023 1.216600
12.500000 0.084000 0.000508 0.713000 0.000053 1.320860
8.000000 0.000000 0.003048 0.317000 0.000033 1.292350
16.000000 0.099000 0.001524 0.317000 0.000253 1.171190
4.000000 0.099000 0.001524 0.713000 0.000193 1.350790
3.150000 0.040000 0.003048 0.713000 0.000050 1.281750
12.500000 0.154000 0.000508 0.713000 0.000264 1.308450
5.000000 0.015000 0.003048 0.396000 0.000039 1.266610
16.000000 0.040000 0.003048 0.713000 0.000050 1.266450
40.000000 0.030000 0.003048 0.713000 0.000043 1.202640
6.300000 0.048000 0.000254 0.396000 0.000009 1.186960
10.000000 0.156000 0.001016 0.396000 0.000528 1.192240
16.000000 0.095000 0.000254 0.317000 0.000046 1.310360
25.000000 0.095000 0.000254 0.317000 0.000046 1.300860
40.000000 0.000000 0.000254 0.713000 0.000004 1.385570
4.000000 0.222000 0.000254 0.713000 0.000214 1.179270
31.500000 0.174000 0.000254 0.713000 0.000161 1.265360
40.000000 0.000000 0.000508 0.317000 0.000008 1.341100
2.000000 0.095000 0.000254 0.317000 0.000046 1.191460
4.000000 0.099000 0.001524 0.396000 0.000233 1.283450
63.000000 0.095000 0.000254 0.713000 0.000042 1.272460
100.000000 0.000000 0.003048 0.555000 0.000028 1.130760
31.500000 0.154000 0.000508 0.555000 0.000272 1.234600
25.000000 0.040000 0.003048 0.396000 0.000058 1.202330
20.000000 0.030000 0.003048 0.555000 0.000045 1.230690
16.000000 0.127000 0.000254 0.713000 0.000122 1.345280
25.000000 0.154000 0.000508 0.555000 0.000272 1.256300
100.000000 0.030000 0.003048 0.713000 0.000043 1.102240
50.000000 0.000000 0.000254 0.713000 0.000004 1.368370
12.500000 0.000000 0.000508 0.396000 0.000008 1.291480
31.500000 0.099000 0.001524 0.396000 0.000233 1.135250
8.000000 0.072000 0.001524 0.396000 0.000091 1.323580
80.000000 0.040000 0.002286 0.555000 0.000043 1.125240
4.000000 0.127000 0.000254 0.396000 0.000130 1.255270
40.000000 0.053000 0.002286 0.396000 0.000061 1.158010
5.000000 0.073000 0.002286 0.555000 0.000112 1.331740
10.000000 0.033000 0.001016 0.555000 0.000022 1.311290
6.300000 0.067000 0.001016 0.713000 0.000048 1.314480
12.500000 0.015000 0.003048 0.396000 0.000039 1.252110
12.500000 0.067000 0.001016 0.555000 0.000052 1.368830
40.000000 0.033000 0.001016 0.396000 0.000025 1.248810
3.150000 0.089000 0.001016 0.713000 0.000103 1.365830
12.500000 0.000000 0.000508 0.713000 0.000007 1.285600
5.000000 0.174000 0.000254 0.555000 0.000166 1.196210
8.000000 0.126000 0.001524 0.713000 0.000483 1.230540
12.500000 0.073000 0.002286 0.317000 0.000133 1.205090
50.000000 0.027000 0.001524 0.396000 0.000029 1.214990
50.000000 0.054000 0.001524 0.396000 0.000049 1.170370
16.000000 0.222000 0.000254 0.396000 0.000229 1.222160
40.000000 0.000000 0.001524 0.317000 0.000021 1.238070
4.000000 0.072000 0.001524 0.713000 0.000075 1.301230
80.000000 0.015000 0.003048 0.713000 0.000034 1.153720
6.300000 0.095000 0.000254 0.713000 0.000042 1.257260
16.000000 0.040000 0.003048 0.396000 0.000058 1.232130
31.500000 0.000000 0.000508 0.396000 0.000008 1.359380
8.000000 0.000000 0.002286 0.317000 0.000027 1.307250
40.000000 0.040000 0.003048 0.713000 0.000050 1.195350
4.000000 0.067000 0.001016 0.317000 0.000059 1.282960
25.000000 0.000000 0.000508 0.555000 0.000008 1.339560
16.000000 0.054000 0.001524 0.317000 0.000053 1.237610
12.500000 0.174000 0.000254 0.396000 0.000172 1.313640
31.500000 0.000000 0.001016 0.713000 0.000012 1.319550
10.000000 0.123000 0.001016 0.555000 0.000368 1.254840
50.000000 0.054000 0.001524 0.555000 0.000043 1.187570
63.000000 0.126000 0.001524 0.713000 0.000483 1.072840
50.000000 0.000000 0.003048 0.713000 0.000027 1.213010
31.500000 0.030000 0.003048 0.713000 0.000043 1.215140
100.000000 0.072000 0.001524 0.713000 0.000075 1.103130
40.000000 0.015000 0.003048 0.713000 0.000034 1.217620
31.500000 0.042000 0.000508 0.713000 0.000014 1.337280
3.150000 0.073000 0.002286 0.713000 0.000104 1.398080
10.000000 0.000000 0.003048 0.317000 0.000033 1.273650
50.000000 0.020000 0.002286 0.555000 0.000031 1.204720
5.000000 0.084000 0.000508 0.396000 0.000057 1.229050
8.000000 0.000000 0.000508 0.317000 0.000008 1.227900
40.000000 0.127000 0.000254 0.713000 0.000122 1.318080
16.000000 0.030000 0.003048 0.555000 0.000045 1.244390
160.000000 0.000000 0.000254 0.555000 0.000004 1.256830
8.000000 0.222000 0.000254 0.396000 0.000229 1.370760
16.000000 0.000000 0.001016 0.713000 0.000012 1.317250
6.300000 0.030000 0.003048 0.555000 0.000045 1.295690
80.000000 0.000000 0.001016 0.555000 0.000013 1.244500
80.000000 0.053000 0.002286 0.713000 0.000052 1.149000
5.000000 0.054000 0.001524 0.317000 0.000053 1.296810
25.000000 0.033000 0.001016 0.555000 0.000022 1.328890
31.500000 0.099000 0.001524 0.555000 0.000208 1.150850
3.150000 0.000000 0.002286 0.555000 0.000023 1.195400
63.000000 0.040000 0.002286 0.396000 0.000047 1.142490
8.000000 0.000000 0.000508 0.713000 0.000007 1.309600
25.000000 0.054000 0.001524 0.396000 0.000049 1.204970
63.000000 0.042000 0.000508 0.396000 0.000015 1.257170
50.000000 0.095000 0.000254 0.396000 0.000045 1.250440
40.000000 0.000000 0.003048 0.396000 0.000031 1.192290
40.000000 0.000000 0.000254 0.317000 0.000004 1.370470
50.000000 0.000000 0.001016 0.317000 0.000015 1.243930
2.000000 0.123000 0.001016 0.713000 0.000338 1.305880
10.000000 0.099000 0.001524 0.713000 0.000193 1.263490
25.000000 0.222000 0.000254 0.713000 0.000214 1.260970
10.000000 0.020000 0.002286 0.713000 0.000029 1.289560
12.500000 0.040000 0.002286 0.396000 0.000047 1.283390
31.500000 0.000000 0.001524 0.396000 0.000019 1.256030
16.000000 0.099000 0.001524 0.713000 0.000193 1.217890
63.000000 0.040000 0.002286 0.317000 0.000051 1.126990
31.500000 0.095000 0.000254 0.317000 0.000046 1.285360
20.000000 0.067000 0.001016 0.713000 0.000048 1.345680
16.000000 0.127000 0.000254 0.396000 0.000130 1.299770
2.500000 0.000000 0.003048 0.317000 0.000033 1.185950
50.000000 0.048000 0.000254 0.396000 0.000009 1.354260
20.000000 0.095000 0.000254 0.713000 0.000042 1.349760
5.000000 0.040000 0.002286 0.396000 0.000047 1.270390
16.000000 0.033000 0.001016 0.396000 0.000025 1.330710
100.000000 0.040000 0.002286 0.713000 0.000040 1.131080
50.000000 0.030000 0.003048 0.317000 0.000053 1.138580
2.000000 0.000000 0.003048 0.317000 0.000033 1.171950
6.300000 0.000000 0.002286 0.317000 0.000027 1.294650
25.000000 0.073000 0.002286 0.317000 0.000133 1.147090
200.000000 0.048000 0.000254 0.713000 0.000008 1.197080
20.000000 0.015000 0.003048 0.713000 0.000034 1.266420
125.000000 0.027000 0.001524 0.713000 0.000024 1.130340
80.000000 0.072000 0.001524 0.713000 0.000075 1.133330
10.000000 0.154000 0.000508 0.713000 0.000264 1.318650
10.000000 0.154000 0.000508 0.317000 0.000290 1.245250
20.000000 0.156000 0.001016 0.713000 0.000437 1.198880
50.000000 0.123000 0.001016 0.317000 0.000419 1.071470
20.000000 0.067000 0.001016 0.317000 0.000059 1.204460
50.000000 0.042000 0.000508 0.396000 0.000015 1.297770
5.000000 0.154000 0.000508 0.713000 0.000264 1.272850
16.000000 0.000000 0.001524 0.396000 0.000019 1.310130
5.000000 0.174000 0.000254 0.713000 0.000161 1.198060
12.500000 0.000000 0.003048 0.713000 0.000027 1.259510
8.000000 0.040000 0.003048 0.713000 0.000050 1.317550
25.000000 0.126000 0.001524 0.713000 0.000483 1.152340
40.000000 0.073000 0.002286 0.317000 0.000133 1.126390
40.000000 0.123000 0.001016 0.396000 0.000408 1.109050
25.000000 0.197000 0.000508 0.396000 0.000365 1.161840
10.000000 0.054000 0.001524 0.396000 0.000049 1.305070
8.000000 0.084000 0.000508 0.713000 0.000053 1.275560
20.000000 0.127000 0.000254 0.396000 0.000130 1.295670
25.000000 0.020000 0.002286 0.317000 0.000037 1.214070
3.150000 0.112000 0.000508 0.396000 0.000150 1.289900
12.500000 0.099000 0.001524 0.555000 0.000208 1.216350
50.000000 0.030000 0.003048 0.713000 0.000043 1.181340
4.000000 0.067000 0.001016 0.396000 0.000058 1.282950
125.000000 0.000000 0.001016 0.713000 0.000012 1.193750
10.000000 0.000000 0.000254 0.317000 0.000004 1.251270
10.000000 0.040000 0.002286 0.713000 0.000040 1.317080
20.000000 0.040000 0.002286 0.396000 0.000047 1.216590
25.000000 0.123000 0.001016 0.555000 0.000368 1.170540
5.000000 0.000000 0.002286 0.317000 0.000027 1.266750
31.500000 0.040000 0.003048 0.396000 0.000058 1.187430
80.000000 0.000000 0.001524 0.713000 0.000016 1.225270
10.000000 0.089000 0.001016 0.396000 0.000125 1.295800
8.000000 0.040000 0.002286 0.555000 0.000043 1.318640
4.000000 0.040000 0.003048 0.396000 0.000058 1.286330
50.000000 0.000000 0.001524 0.555000 0.000017 1.252030
12.500000 0.054000 0.001524 0.396000 0.000049 1.271170
40.000000 0.123000 0.001016 0.713000 0.000338 1.180180
25.000000 0.030000 0.003048 0.317000 0.000053 1.195980
63.000000 0.174000 0.000254 0.555000 0.000166 1.148610
20.000000 0.000000 0.002286 0.555000 0.000023 1.265400
5.000000 0.000000 0.001524 0.555000 0.000017 1.205730
6.300000 0.054000 0.001524 0.555000 0.000043 1.318070
20.000000 0.000000 0.001524 0.555000 0.000017 1.296730
80.000000 0.020000 0.002286 0.713000 0.000029 1.159960
10.000000 0.084000 0.000508 0.713000 0.000053 1.299460
10.000000 0.000000 0.002286 0.555000 0.000023 1.282900
6.300000 0.174000 0.000254 0.555000 0.000166 1.224110
200.000000 0.000000 0.000254 0.713000 0.000004 1.232170
16.000000 0.073000 0.002286 0.555000 0.000112 1.233540
2.000000 0.174000 0.000254 0.317000 0.000177 1.161460
4.000000 0.126000 0.001524 0.396000 0.000584 1.159100
6.300000 0.112000 0.000508 0.396000 0.000150 1.331300
20.000000 0.084000 0.000508 0.317000 0.000058 1.276860
2.500000 0.089000 0.001016 0.713000 0.000103 1.345330
16.000000 0.000000 0.000254 0.396000 0.000004 1.241560
12.500000 0.042000 0.000508 0.396000 0.000015 1.284270
25.000000 0.000000 0.002286 0.396000 0.000025 1.250250
40.000000 0.042000 0.000508 0.396000 0.000015 1.318070
2.000000 0.073000 0.002286 0.396000 0.000123 1.309890
40.000000 0.000000 0.000508 0.555000 0.000008 1.349460
63.000000 0.174000 0.000254 0.713000 0.000161 1.199160
12.500000 0.174000 0.000254 0.317000 0.000177 1.283060
4.000000 0.154000 0.000508 0.396000 0.000283 1.253530
2.000000 0.000000 0.003048 0.396000 0.000031 1.181290
25.000000 0.112000 0.000508 0.396000 0.000150 1.221700
25.000000 0.015000 0.003048 0.713000 0.000034 1.245120
25.000000 0.000000 0.000508 0.317000 0.000008 1.348700
16.000000 0.084000 0.000508 0.713000 0.000053 1.338460
10.000000 0.033000 0.001016 0.713000 0.000020 1.314340
25.000000 0.099000 0.001524 0.555000 0.000208 1.183650
16.000000 0.073000 0.002286 0.317000 0.000133 1.190390
4.000000 0.099000 0.001524 0.555000 0.000208 1.316050
12.500000 0.000000 0.001524 0.396000 0.000019 1.310230
12.500000 0.000000 0.002286 0.713000 0.000021 1.281440
5.000000 0.073000 0.002286 0.396000 0.000123 1.302990
40.000000 0.112000 0.000508 0.396000 0.000150 1.155200
20.000000 0.099000 0.001524 0.555000 0.000208 1.195050
12.500000 0.156000 0.001016 0.713000 0.000437 1.231780
25.000000 0.027000 0.001524 0.713000 0.000024 1.283340
3.150000 0.073000 0.002286 0.317000 0.000133 1.302390
20.000000 0.054000 0.001524 0.396000 0.000049 1.246470
50.000000 0.054000 0.001524 0.713000 0.000040 1.200610
20.000000 0.000000 0.001524 0.713000 0.000016 1.286470
50.000000 0.000000 0.000508 0.555000 0.000008 1.345560
5.000000 0.000000 0.001524 0.317000 0.000021 1.216170
10.000000 0.020000 0.002286 0.555000 0.000031 1.290020
80.000000 0.000000 0.003048 0.396000 0.000031 1.147790
20.000000 0.000000 0.001524 0.317000 0.000021 1.289070
3.150000 0.123000 0.001016 0.317000 0.000419 1.247170
40.000000 0.099000 0.001524 0.317000 0.000253 1.114590
200.000000 0.040000 0.002286 0.713000 0.000040 1.096380
5.000000 0.127000 0.000254 0.713000 0.000122 1.268980
25.000000 0.174000 0.000254 0.713000 0.000161 1.267460
12.500000 0.030000 0.003048 0.555000 0.000045 1.273290
40.000000 0.054000 0.001524 0.317000 0.000053 1.161810
50.000000 0.000000 0.001524 0.396000 0.000019 1.234530
20.000000 0.073000 0.002286 0.555000 0.000112 1.203540
25.000000 0.000000 0.003048 0.396000 0.000031 1.213990
16.000000 0.040000 0.002286 0.713000 0.000040 1.294680
12.500000 0.015000 0.003048 0.713000 0.000034 1.258720
63.000000 0.126000 0.001524 0.396000 0.000584 1.033800
2.500000 0.040000 0.003048 0.396000 0.000058 1.235430
50.000000 0.174000 0.000254 0.713000 0.000161 1.231260
40.000000 0.030000 0.003048 0.317000 0.000053 1.156080
4.000000 0.000000 0.002286 0.396000 0.000025 1.235650
5.000000 0.126000 0.001524 0.396000 0.000584 1.149000
4.000000 0.053000 0.002286 0.396000 0.000061 1.312210
20.000000 0.033000 0.001016 0.396000 0.000025 1.323010
80.000000 0.040000 0.002286 0.713000 0.000040 1.128480
5.000000 0.112000 0.000508 0.713000 0.000141 1.303110
6.300000 0.053000 0.002286 0.396000 0.000061 1.320110
8.000000 0.015000 0.003048 0.713000 0.000034 1.271220
5.000000 0.000000 0.002286 0.396000 0.000025 1.261950
80.000000 0.000000 0.000254 0.396000 0.000004 1.358660
100.000000 0.127000 0.000254 0.396000 0.000130 1.160170
50.000000 0.084000 0.000508 0.555000 0.000054 1.158120
2.500000 0.099000 0.001524 0.317000 0.000253 1.285590
5.000000 0.112000 0.000508 0.396000 0.000150 1.319600
10.000000 0.000000 0.000508 0.555000 0.000008 1.255860
125.000000 0.000000 0.002286 0.713000 0.000021 1.176240
63.000000 0.033000 0.001016 0.555000 0.000022 1.238390
16.000000 0.000000 0.001524 0.317000 0.000021 1.308170
31.500000 0.112000 0.000508 0.713000 0.000141 1.271410
8.000000 0.156000 0.001016 0.396000 0.000528 1.189640
5.000000 0.048000 0.000254 0.396000 0.000009 1.163660
40.000000 0.084000 0.000508 0.396000 0.000057 1.189550
10.000000 0.030000 0.003048 0.713000 0.000043 1.290040
8.000000 0.072000 0.001524 0.713000 0.000075 1.360230
6.300000 0.054000 0.001524 0.396000 0.000049 1.323570
20.000000 0.000000 0.003048 0.396000 0.000031 1.236890
5.000000 0.222000 0.000254 0.713000 0.000214 1.179670
12.500000 0.054000 0.001524 0.317000 0.000053 1.239910
31.500000 0.222000 0.000254 0.396000 0.000229 1.208560
50.000000 0.030000 0.003048 0.555000 0.000045 1.173090
40.000000 0.156000 0.001016 0.713000 0.000437 1.132980
12.500000 0.067000 0.001016 0.396000 0.000058 1.323950
2.500000 0.073000 0.002286 0.555000 0.000112 1.363840
50.000000 0.099000 0.001524 0.317000 0.000253 1.099490
16.000000 0.126000 0.001524 0.396000 0.000584 1.107800
63.000000 0.000000 0.003048 0.317000 0.000033 1.137750
63.000000 0.054000 0.001524 0.555000 0.000043 1.172870
125.000000 0.000000 0.001524 0.555000 0.000017 1.170930
50.000000 0.222000 0.000254 0.713000 0.000214 1.257270
31.500000 0.048000 0.000254 0.555000 0.000009 1.323540
8.000000 0.095000 0.000254 0.396000 0.000045 1.290140
6.300000 0.154000 0.000508 0.317000 0.000290 1.246850
40.000000 0.174000 0.000254 0.713000 0.000161 1.255860
6.300000 0.054000 0.001524 0.317000 0.000053 1.314710
4.000000 0.073000 0.002286 0.396000 0.000123 1.320390
31.500000 0.126000 0.001524 0.396000 0.000584 1.062600
12.500000 0.123000 0.001016 0.555000 0.000368 1.242140
4.000000 0.154000 0.000508 0.555000 0.000272 1.265000
2.000000 0.112000 0.000508 0.396000 0.000150 1.250100
20.000000 0.033000 0.001016 0.317000 0.000025 1.316420
5.000000 0.030000 0.003048 0.317000 0.000053 1.275480
40.000000 0.020000 0.002286 0.713000 0.000029 1.240860
20.000000 0.084000 0.000508 0.396000 0.000057 1.299650
4.000000 0.020000 0.002286 0.555000 0.000031 1.222920
2.000000 0.154000 0.000508 0.317000 0.000290 1.199750
50.000000 0.127000 0.000254 0.396000 0.000130 1.251070
6.300000 0.000000 0.003048 0.317000 0.000033 1.290950
40.000000 0.033000 0.001016 0.317000 0.000025 1.248520
10.000000 0.123000 0.001016 0.713000 0.000338 1.279280
50.000000 0.072000 0.001524 0.396000 0.000091 1.132880
6.300000 0.000000 0.001524 0.396000 0.000019 1.244030
63.000000 0.033000 0.001016 0.713000 0.000020 1.249040
31.500000 0.040000 0.003048 0.713000 0.000050 1.217750
10.000000 0.000000 0.000508 0.396000 0.000008 1.276380
12.500000 0.033000 0.001016 0.317000 0.000025 1.340220
10.000000 0.095000 0.000254 0.555000 0.000043 1.303320
80.000000 0.000000 0.003048 0.555000 0.000028 1.164760
63.000000 0.000000 0.000508 0.396000 0.000008 1.319180
10.000000 0.000000 0.001524 0.555000 0.000017 1.285830
40.000000 0.000000 0.000508 0.396000 0.000008 1.353080
31.500000 0.040000 0.002286 0.713000 0.000040 1.241080
12.500000 0.030000 0.003048 0.317000 0.000053 1.248380
5.000000 0.095000 0.000254 0.555000 0.000043 1.230820
8.000000 0.123000 0.001016 0.713000 0.000338 1.273180
40.000000 0.020000 0.002286 0.396000 0.000035 1.202270
80.000000 0.033000 0.001016 0.396000 0.000025 1.180910
25.000000 0.123000 0.001016 0.317000 0.000419 1.103170
6.300000 0.000000 0.001524 0.317000 0.000021 1.259970
8.000000 0.054000 0.001524 0.713000 0.000040 1.312810
40.000000 0.000000 0.000254 0.555000 0.000004 1.332230
25.000000 0.030000 0.003048 0.713000 0.000043 1.240240
3.150000 0.040000 0.002286 0.317000 0.000051 1.236090
63.000000 0.072000 0.001524 0.713000 0.000075 1.166030
16.000000 0.054000 0.001524 0.713000 0.000040 1.332410
5.000000 0.067000 0.001016 0.317000 0.000059 1.302060
125.000000 0.042000 0.000508 0.713000 0.000014 1.173280
40.000000 0.126000 0.001524 0.396000 0.000584 1.045000
50.000000 0.089000 0.001016 0.713000 0.000103 1.167230
20.000000 0.000000 0.000508 0.555000 0.000008 1.314560
20.000000 0.154000 0.000508 0.317000 0.000290 1.208350
10.000000 0.099000 0.001524 0.555000 0.000208 1.246650
31.500000 0.000000 0.002286 0.317000 0.000027 1.234450
2.000000 0.174000 0.000254 0.396000 0.000172 1.140440
63.000000 0.040000 0.002286 0.713000 0.000040 1.186180
6.300000 0.084000 0.000508 0.317000 0.000058 1.258560
2.500000 0.197000 0.000508 0.396000 0.000365 1.272240
63.000000 0.015000 0.003048 0.713000 0.000034 1.181220
25.000000 0.000000 0.002286 0.555000 0.000023 1.265400
20.000000 0.072000 0.001524 0.396000 0.000091 1.202280
10.000000 0.084000 0.000508 0.317000 0.000058 1.295160
160.000000 0.000000 0.002286 0.713000 0.000021 1.149840
63.000000 0.127000 0.000254 0.396000 0.000130 1.231770
8.000000 0.089000 0.001016 0.396000 0.000125 1.309400
50.000000 0.030000 0.003048 0.396000 0.000050 1.157920
40.000000 0.197000 0.000508 0.713000 0.000341 1.130450
5.000000 0.123000 0.001016 0.713000 0.000338 1.401580
25.000000 0.154000 0.000508 0.396000 0.000283 1.224130
100.000000 0.042000 0.000508 0.396000 0.000015 1.169670
8.000000 0.000000 0.001016 0.713000 0.000012 1.268050
25.000000 0.054000 0.001524 0.555000 0.000043 1.240770
80.000000 0.127000 0.000254 0.396000 0.000130 1.206070
40.000000 0.073000 0.002286 0.396000 0.000123 1.140790
50.000000 0.040000 0.002286 0.317000 0.000051 1.159690
8.000000 0.067000 0.001016 0.396000 0.000058 1.346250
40.000000 0.048000 0.000254 0.396000 0.000009 1.349960
80.000000 0.000000 0.003048 0.713000 0.000027 1.171510
2.500000 0.154000 0.000508 0.317000 0.000290 1.212250
5.000000 0.089000 0.001016 0.713000 0.000103 1.385230
40.000000 0.040000 0.003048 0.396000 0.000058 1.158630
6.300000 0.099000 0.001524 0.555000 0.000208 1.273150
6.300000 0.033000 0.001016 0.317000 0.000025 1.289520
16.000000 0.067000 0.001016 0.396000 0.000058 1.273750
12.500000 0.054000 0.001524 0.713000 0.000040 1.341110
2.000000 0.073000 0.002286 0.555000 0.000112 1.352340
31.500000 0.033000 0.001016 0.713000 0.000020 1.321140
2.500000 0.112000 0.000508 0.713000 0.000141 1.271010
160.000000 0.000000 0.000254 0.396000 0.000004 1.249860
40.000000 0.040000 0.002286 0.713000 0.000040 1.217280
20.000000 0.000000 0.003048 0.317000 0.000033 1.223750
25.000000 0.000000 0.001016 0.713000 0.000012 1.325950
16.000000 0.123000 0.001016 0.396000 0.000408 1.178750
5.000000 0.123000 0.001016 0.317000 0.000419 1.186670
50.000000 0.042000 0.000508 0.713000 0.000014 1.328280
40.000000 0.072000 0.001524 0.396000 0.000091 1.142580
31.500000 0.174000 0.000254 0.317000 0.000177 1.234660
20.000000 0.048000 0.000254 0.317000 0.000009 1.301480
3.150000 0.073000 0.002286 0.555000 0.000112 1.362840
125.000000 0.027000 0.001524 0.396000 0.000029 1.086490
63.000000 0.000000 0.003048 0.555000 0.000028 1.179760
4.000000 0.095000 0.000254 0.396000 0.000045 1.211540
63.000000 0.000000 0.001016 0.396000 0.000015 1.256310
40.000000 0.027000 0.001524 0.713000 0.000024 1.265340
3.150000 0.000000 0.002286 0.396000 0.000025 1.210550
25.000000 0.127000 0.000254 0.713000 0.000122 1.340580
10.000000 0.000000 0.003048 0.713000 0.000027 1.252010
12.500000 0.154000 0.000508 0.396000 0.000283 1.267430
31.500000 0.030000 0.003048 0.396000 0.000050 1.189220
16.000000 0.095000 0.000254 0.396000 0.000045 1.311840
80.000000 0.015000 0.003048 0.396000 0.000039 1.122510
40.000000 0.000000 0.002286 0.317000 0.000027 1.220350
10.000000 0.099000 0.001524 0.396000 0.000233 1.238350
16.000000 0.020000 0.002286 0.713000 0.000029 1.277960
12.500000 0.174000 0.000254 0.555000 0.000166 1.293010
16.000000 0.033000 0.001016 0.555000 0.000022 1.336490
31.500000 0.095000 0.000254 0.713000 0.000042 1.361660
2.500000 0.197000 0.000508 0.713000 0.000341 1.191150
63.000000 0.000000 0.001524 0.317000 0.000021 1.197370
40.000000 0.030000 0.003048 0.555000 0.000045 1.186890
16.000000 0.126000 0.001524 0.713000 0.000483 1.205340
6.300000 0.156000 0.001016 0.396000 0.000528 1.180840
100.000000 0.000000 0.001016 0.317000 0.000015 1.158930
25.000000 0.000000 0.000254 0.713000 0.000004 1.337070
20.000000 0.073000 0.002286 0.317000 0.000133 1.153090
10.000000 0.222000 0.000254 0.713000 0.000214 1.342470
160.000000 0.048000 0.000254 0.555000 0.000009 1.243940
8.000000 0.073000 0.002286 0.396000 0.000123 1.262990
31.500000 0.123000 0.001016 0.396000 0.000408 1.130550
10.000000 0.123000 0.001016 0.317000 0.000419 1.197770
40.000000 0.000000 0.003048 0.713000 0.000027 1.230610
10.000000 0.048000 0.000254 0.317000 0.000009 1.253480
80.000000 0.000000 0.000508 0.555000 0.000008 1.301560
50.000000 0.048000 0.000254 0.713000 0.000008 1.354680
8.000000 0.000000 0.001524 0.317000 0.000021 1.291170
20.000000 0.095000 0.000254 0.396000 0.000045 1.312740
50.000000 0.154000 0.000508 0.555000 0.000272 1.171100
40.000000 0.053000 0.002286 0.713000 0.000052 1.203300
12.500000 0.040000 0.003048 0.396000 0.000058 1.263430
40.000000 0.040000 0.002286 0.317000 0.000051 1.188590
5.000000 0.174000 0.000254 0.317000 0.000177 1.276760
125.000000 0.000000 0.003048 0.396000 0.000031 1.096190
25.000000 0.174000 0.000254 0.317000 0.000177 1.241660
20.000000 0.042000 0.000508 0.713000 0.000014 1.298480
80.000000 0.000000 0.001524 0.396000 0.000019 1.205530
4.000000 0.197000 0.000508 0.713000 0.000341 1.238650
63.000000 0.000000 0.000508 0.713000 0.000007 1.330400
12.500000 0.053000 0.002286 0.396000 0.000061 1.257210
12.500000 0.000000 0.001016 0.713000 0.000012 1.303350
3.150000 0.127000 0.000254 0.713000 0.000122 1.229380
25.000000 0.000000 0.002286 0.317000 0.000027 1.234450
16.000000 0.073000 0.002286 0.396000 0.000123 1.210590
160.000000 0.027000 0.001524 0.713000 0.000024 1.103640
50.000000 0.222000 0.000254 0.396000 0.000229 1.188160
10.000000 0.174000 0.000254 0.396000 0.000172 1.382740
50.000000 0.174000 0.000254 0.317000 0.000177 1.179960
6.300000 0.067000 0.001016 0.317000 0.000059 1.321160
8.000000 0.174000 0.000254 0.713000 0.000161 1.242760
63.000000 0.054000 0.001524 0.317000 0.000053 1.155910
25.000000 0.033000 0.001016 0.396000 0.000025 1.307910
25.000000 0.095000 0.000254 0.555000 0.000043 1.341520
10.000000 0.040000 0.002286 0.317000 0.000051 1.298690
50.000000 0.073000 0.002286 0.555000 0.000112 1.131440
80.000000 0.072000 0.001524 0.396000 0.000091 1.115880
63.000000 0.042000 0.000508 0.713000 0.000014 1.293080
8.000000 0.040000 0.003048 0.396000 0.000058 1.307230
10.000000 0.053000 0.002286 0.713000 0.000052 1.340000
50.000000 0.089000 0.001016 0.396000 0.000125 1.130800
20.000000 0.048000 0.000254 0.713000 0.000008 1.283980
2.000000 0.174000 0.000254 0.555000 0.000166 1.099510
4.000000 0.020000 0.002286 0.317000 0.000037 1.234170
6.300000 0.000000 0.001524 0.555000 0.000017 1.235830
6.300000 0.000000 0.002286 0.396000 0.000025 1.287050
20.000000 0.040000 0.002286 0.555000 0.000043 1.242540
12.500000 0.040000 0.003048 0.713000 0.000050 1.293950
12.500000 0.154000 0.000508 0.555000 0.000272 1.300000
8.000000 0.073000 0.002286 0.317000 0.000133 1.232090
25.000000 0.067000 0.001016 0.713000 0.000048 1.314580
80.000000 0.040000 0.003048 0.713000 0.000050 1.136650
8.000000 0.123000 0.001016 0.555000 0.000368 1.251140
20.000000 0.054000 0.001524 0.555000 0.000043 1.287070
3.150000 0.126000 0.001524 0.396000 0.000584 1.160200
25.000000 0.073000 0.002286 0.555000 0.000112 1.189940
10.000000 0.000000 0.001524 0.713000 0.000016 1.273070
3.150000 0.095000 0.000254 0.317000 0.000046 1.227660
10.000000 0.000000 0.002286 0.396000 0.000025 1.304350
80.000000 0.000000 0.001016 0.317000 0.000015 1.201930
20.000000 0.073000 0.002286 0.713000 0.000104 1.227080
63.000000 0.089000 0.001016 0.713000 0.000103 1.172530
63.000000 0.127000 0.000254 0.713000 0.000122 1.253980
12.500000 0.020000 0.002286 0.317000 0.000037 1.286770
31.500000 0.123000 0.001016 0.555000 0.000368 1.169140
63.000000 0.000000 0.002286 0.555000 0.000023 1.184100
4.000000 0.054000 0.001524 0.713000 0.000040 1.241210
5.000000 0.040000 0.003048 0.396000 0.000058 1.301730
8.000000 0.099000 0.001524 0.396000 0.000233 1.263450
63.000000 0.033000 0.001016 0.317000 0.000025 1.207020
10.000000 0.222000 0.000254 0.396000 0.000229 1.284160
16.000000 0.084000 0.000508 0.555000 0.000054 1.330320
12.500000 0.095000 0.000254 0.396000 0.000045 1.309640
4.000000 0.030000 0.003048 0.396000 0.000050 1.254720
50.000000 0.000000 0.001524 0.317000 0.000021 1.223970
6.300000 0.089000 0.001016 0.396000 0.000125 1.319200
10.000000 0.127000 0.000254 0.396000 0.000130 1.309470
6.300000 0.030000 0.003048 0.713000 0.000043 1.293540
10.000000 0.154000 0.000508 0.396000 0.000283 1.278930
63.000000 0.154000 0.000508 0.555000 0.000272 1.129300
20.000000 0.099000 0.001524 0.713000 0.000193 1.207790
31.500000 0.033000 0.001016 0.317000 0.000025 1.282520
20.000000 0.174000 0.000254 0.555000 0.000166 1.252610
10.000000 0.027000 0.001524 0.396000 0.000029 1.305890
80.000000 0.000000 0.001016 0.713000 0.000012 1.254650
63.000000 0.053000 0.002286 0.396000 0.000061 1.125410
80.000000 0.000000 0.001524 0.317000 0.000021 1.179570
63.000000 0.020000 0.002286 0.713000 0.000029 1.207860
20.000000 0.030000 0.003048 0.713000 0.000043 1.255240
16.000000 0.067000 0.001016 0.555000 0.000052 1.336530
16.000000 0.033000 0.001016 0.713000 0.000020 1.336640
12.500000 0.000000 0.002286 0.555000 0.000023 1.279100
3.150000 0.154000 0.000508 0.396000 0.000283 1.244930
5.000000 0.040000 0.003048 0.713000 0.000050 1.307150
16.000000 0.000000 0.000508 0.396000 0.000008 1.309080
12.500000 0.048000 0.000254 0.317000 0.000009 1.274080
50.000000 0.095000 0.000254 0.555000 0.000043 1.284120
4.000000 0.112000 0.000508 0.396000 0.000150 1.306700
10.000000 0.000000 0.000508 0.317000 0.000008 1.267800
80.000000 0.000000 0.001524 0.555000 0.000017 1.219030
20.000000 0.000000 0.000508 0.317000 0.000008 1.330100
200.000000 0.048000 0.000254 0.555000 0.000009 1.212840
16.000000 0.000000 0.003048 0.555000 0.000028 1.269860
50.000000 0.095000 0.000254 0.317000 0.000046 1.244260
25.000000 0.000000 0.001524 0.555000 0.000017 1.277630
160.000000 0.015000 0.003048 0.713000 0.000034 1.065820
100.000000 0.015000 0.003048 0.713000 0.000034 1.134920
31.500000 0.156000 0.001016 0.713000 0.000437 1.164680
12.500000 0.222000 0.000254 0.396000 0.000229 1.264460
20.000000 0.174000 0.000254 0.396000 0.000172 1.266440
125.000000 0.000000 0.000508 0.713000 0.000007 1.252200
6.300000 0.174000 0.000254 0.396000 0.000172 1.245140
63.000000 0.089000 0.001016 0.396000 0.000125 1.131100
12.500000 0.197000 0.000508 0.713000 0.000341 1.214850
2.500000 0.174000 0.000254 0.713000 0.000161 1.137960
4.000000 0.073000 0.002286 0.555000 0.000112 1.359240
25.000000 0.099000 0.001524 0.317000 0.000253 1.147290
20.000000 0.123000 0.001016 0.396000 0.000408 1.140850
50.000000 0.174000 0.000254 0.396000 0.000172 1.198540
10.000000 0.000000 0.001016 0.713000 0.000012 1.288250
6.300000 0.000000 0.003048 0.555000 0.000028 1.276960
10.000000 0.048000 0.000254 0.396000 0.000009 1.229560
16.000000 0.000000 0.000508 0.555000 0.000008 1.285760
50.000000 0.020000 0.002286 0.396000 0.000035 1.188270
25.000000 0.042000 0.000508 0.713000 0.000014 1.319780
50.000000 0.000000 0.003048 0.317000 0.000033 1.156450
31.500000 0.033000 0.001016 0.396000 0.000025 1.284010
5.000000 0.000000 0.003048 0.555000 0.000028 1.264160
3.150000 0.095000 0.000254 0.396000 0.000045 1.192940
100.000000 0.015000 0.003048 0.396000 0.000039 1.089910
100.000000 0.048000 0.000254 0.396000 0.000009 1.260660
50.000000 0.174000 0.000254 0.555000 0.000166 1.189410
16.000000 0.048000 0.000254 0.555000 0.000009 1.214740
8.000000 0.000000 0.003048 0.713000 0.000027 1.262010
2.000000 0.099000 0.001524 0.317000 0.000253 1.272990
2.500000 0.040000 0.002286 0.317000 0.000051 1.201890
10.000000 0.040000 0.002286 0.555000 0.000043 1.321340
3.150000 0.030000 0.003048 0.396000 0.000050 1.233120
31.500000 0.040000 0.002286 0.396000 0.000047 1.204190
4.000000 0.084000 0.000508 0.317000 0.000058 1.200760
12.500000 0.030000 0.003048 0.713000 0.000043 1.276340
16.000000 0.030000 0.003048 0.713000 0.000043 1.265140
16.000000 0.197000 0.000508 0.713000 0.000341 1.205750
5.000000 0.127000 0.000254 0.396000 0.000130 1.271270
10.000000 0.174000 0.000254 0.713000 0.000161 1.258160
3.150000 0.054000 0.001524 0.396000 0.000049 1.253470
5.000000 0.072000 0.001524 0.713000 0.000075 1.320430
50.000000 0.154000 0.000508 0.317000 0.000290 1.123550
40.000000 0.000000 0.002286 0.396000 0.000025 1.234650
8.000000 0.054000 0.001524 0.555000 0.000043 1.330970
80.000000 0.222000 0.000254 0.713000 0.000214 1.216570
3.150000 0.156000 0.001016 0.396000 0.000528 1.227540
6.300000 0.099000 0.001524 0.713000 0.000193 1.298890
16.000000 0.154000 0.000508 0.713000 0.000264 1.300650
40.000000 0.089000 0.001016 0.396000 0.000125 1.162200
5.000000 0.054000 0.001524 0.555000 0.000043 1.293670
50.000000 0.040000 0.002286 0.713000 0.000040 1.211180
5.000000 0.072000 0.001524 0.396000 0.000091 1.326580
80.000000 0.030000 0.003048 0.396000 0.000050 1.106520
160.000000 0.000000 0.000254 0.317000 0.000004 1.256270
40.000000 0.033000 0.001016 0.555000 0.000022 1.272290
2.500000 0.156000 0.001016 0.396000 0.000528 1.246440
31.500000 0.072000 0.001524 0.713000 0.000075 1.167830
10.000000 0.127000 0.000254 0.713000 0.000122 1.316980
4.000000 0.072000 0.001524 0.396000 0.000091 1.321180
10.000000 0.095000 0.000254 0.713000 0.000042 1.295560
5.000000 0.040000 0.002286 0.713000 0.000040 1.267580
31.500000 0.054000 0.001524 0.317000 0.000053 1.182910
6.300000 0.030000 0.003048 0.396000 0.000050 1.292920
25.000000 0.099000 0.001524 0.713000 0.000193 1.196390
8.000000 0.040000 0.002286 0.713000 0.000040 1.306880
2.500000 0.123000 0.001016 0.555000 0.000368 1.332940
100.000000 0.000000 0.000254 0.317000 0.000004 1.342270
10.000000 0.154000 0.000508 0.555000 0.000272 1.304000
100.000000 0.000000 0.001524 0.713000 0.000016 1.202470
50.000000 0.000000 0.003048 0.555000 0.000028 1.196060
12.500000 0.084000 0.000508 0.396000 0.000057 1.312050
8.000000 0.000000 0.001016 0.317000 0.000015 1.290530
50.000000 0.073000 0.002286 0.396000 0.000123 1.119590
80.000000 0.000000 0.001016 0.396000 0.000015 1.223410
31.500000 0.072000 0.001524 0.396000 0.000091 1.118180
12.500000 0.000000 0.001524 0.317000 0.000021 1.314670
63.000000 0.154000 0.000508 0.396000 0.000283 1.096630
10.000000 0.197000 0.000508 0.713000 0.000341 1.218850
4.000000 0.030000 0.003048 0.317000 0.000053 1.253980
50.000000 0.123000 0.001016 0.713000 0.000338 1.161080
8.000000 0.197000 0.000508 0.396000 0.000365 1.191740
12.500000 0.033000 0.001016 0.396000 0.000025 1.332110
31.500000 0.000000 0.002286 0.396000 0.000025 1.246250
3.150000 0.174000 0.000254 0.555000 0.000166 1.119110
40.000000 0.048000 0.000254 0.555000 0.000009 1.339240
100.000000 0.072000 0.001524 0.396000 0.000091 1.108680
6.300000 0.072000 0.001524 0.713000 0.000075 1.348530
20.000000 0.000000 0.002286 0.396000 0.000025 1.253050
25.000000 0.000000 0.002286 0.713000 0.000021 1.283540
3.150000 0.099000 0.001524 0.713000 0.000193 1.354590
40.000000 0.000000 0.001016 0.555000 0.000013 1.295000
12.500000 0.040000 0.002286 0.317000 0.000051 1.281190
3.150000 0.040000 0.003048 0.396000 0.000058 1.268430
2.500000 0.053000 0.002286 0.396000 0.000061 1.270110
16.000000 0.015000 0.003048 0.713000 0.000034 1.266320
16.000000 0.048000 0.000254 0.317000 0.000009 1.287180
16.000000 0.197000 0.000508 0.396000 0.000365 1.176040
40.000000 0.048000 0.000254 0.713000 0.000008 1.349280
16.000000 0.000000 0.002286 0.396000 0.000025 1.270950
4.000000 0.174000 0.000254 0.317000 0.000177 1.207660
31.500000 0.156000 0.001016 0.396000 0.000528 1.092540
20.000000 0.073000 0.002286 0.396000 0.000123 1.178090
100.000000 0.000000 0.000508 0.713000 0.000007 1.287400
25.000000 0.033000 0.001016 0.713000 0.000020 1.338940
12.500000 0.000000 0.002286 0.396000 0.000025 1.293950
5.000000 0.054000 0.001524 0.396000 0.000049 1.299370
50.000000 0.000000 0.001016 0.713000 0.000012 1.307950
20.000000 0.112000 0.000508 0.396000 0.000150 1.244200
12.500000 0.095000 0.000254 0.713000 0.000042 1.316560
100.000000 0.000000 0.001016 0.713000 0.000012 1.233050
16.000000 0.072000 0.001524 0.713000 0.000075 1.308930
40.000000 0.089000 0.001016 0.713000 0.000103 1.202430
4.000000 0.099000 0.001524 0.317000 0.000253 1.289390
25.000000 0.072000 0.001524 0.396000 0.000091 1.174780
8.000000 0.126000 0.001524 0.396000 0.000584 1.165600
20.000000 0.156000 0.001016 0.396000 0.000528 1.108940
2.500000 0.099000 0.001524 0.555000 0.000208 1.332350
8.000000 0.099000 0.001524 0.317000 0.000253 1.255390
31.500000 0.015000 0.003048 0.396000 0.000039 1.191110
63.000000 0.048000 0.000254 0.555000 0.000009 1.351640
12.500000 0.127000 0.000254 0.713000 0.000122 1.330480
16.000000 0.040000 0.002286 0.396000 0.000047 1.253190
10.000000 0.084000 0.000508 0.396000 0.000057 1.301950
80.000000 0.000000 0.000254 0.317000 0.000004 1.372070
8.000000 0.030000 0.003048 0.555000 0.000045 1.299490
5.000000 0.000000 0.003048 0.396000 0.000031 1.269590
50.000000 0.000000 0.002286 0.396000 0.000025 1.221750
10.000000 0.072000 0.001524 0.396000 0.000091 1.283380
100.000000 0.000000 0.003048 0.317000 0.000033 1.082650
12.500000 0.073000 0.002286 0.396000 0.000123 1.231890
6.300000 0.040000 0.002286 0.317000 0.000051 1.303490
50.000000 0.123000 0.001016 0.396000 0.000408 1.086250
5.000000 0.099000 0.001524 0.555000 0.000208 1.278150
6.300000 0.027000 0.001524 0.396000 0.000029 1.258090
63.000000 0.123000 0.001016 0.317000 0.000419 1.072670
31.500000 0.020000 0.002286 0.713000 0.000029 1.261160
8.000000 0.033000 0.001016 0.317000 0.000025 1.313620
100.000000 0.000000 0.002286 0.713000 0.000021 1.181340
50.000000 0.040000 0.002286 0.555000 0.000043 1.200340
63.000000 0.073000 0.002286 0.396000 0.000123 1.108390
20.000000 0.222000 0.000254 0.713000 0.000214 1.271970
40.000000 0.095000 0.000254 0.555000 0.000043 1.315820
25.000000 0.222000 0.000254 0.396000 0.000229 1.213060
5.000000 0.073000 0.002286 0.713000 0.000104 1.367980
50.000000 0.040000 0.003048 0.396000 0.000058 1.137330
31.500000 0.000000 0.001016 0.317000 0.000015 1.299730
50.000000 0.126000 0.001524 0.713000 0.000483 1.080340
4.000000 0.054000 0.001524 0.555000 0.000043 1.268070
5.000000 0.048000 0.000254 0.317000 0.000009 1.161280
4.000000 0.123000 0.001016 0.396000 0.000408 1.282650
2.500000 0.123000 0.001016 0.317000 0.000419 1.258570
25.000000 0.072000 0.001524 0.713000 0.000075 1.243530
4.000000 0.000000 0.002286 0.317000 0.000027 1.236350
16.000000 0.020000 0.002286 0.317000 0.000037 1.257970
25.000000 0.015000 0.003048 0.396000 0.000039 1.209810
40.000000 0.048000 0.000254 0.317000 0.000009 1.353280
63.000000 0.123000 0.001016 0.713000 0.000338 1.139580
12.500000 0.048000 0.000254 0.396000 0.000009 1.250260
63.000000 0.020000 0.002286 0.555000 0.000031 1.187120
63.000000 0.072000 0.001524 0.396000 0.000091 1.126880
2.500000 0.127000 0.000254 0.396000 0.000130 1.215470
31.500000 0.000000 0.001016 0.555000 0.000013 1.317800
16.000000 0.174000 0.000254 0.555000 0.000166 1.264710
20.000000 0.123000 0.001016 0.555000 0.000368 1.185640
5.000000 0.154000 0.000508 0.396000 0.000283 1.259630
16.000000 0.084000 0.000508 0.317000 0.000058 1.292960
2.500000 0.073000 0.002286 0.317000 0.000133 1.300890
50.000000 0.072000 0.001524 0.713000 0.000075 1.183430
16.000000 0.112000 0.000508 0.713000 0.000141 1.351910
4.000000 0.095000 0.000254 0.555000 0.000043 1.209520
20.000000 0.000000 0.000508 0.396000 0.000008 1.329180
16.000000 0.042000 0.000508 0.713000 0.000014 1.243180
40.000000 0.174000 0.000254 0.317000 0.000177 1.219960
63.000000 0.048000 0.000254 0.713000 0.000008 1.344980
16.000000 0.000000 0.002286 0.317000 0.000027 1.256250
3.150000 0.040000 0.002286 0.396000 0.000047 1.222290
40.000000 0.112000 0.000508 0.713000 0.000141 1.224710
80.000000 0.033000 0.001016 0.713000 0.000020 1.212340
40.000000 0.123000 0.001016 0.317000 0.000419 1.084070
12.500000 0.126000 0.001524 0.713000 0.000483 1.201540
6.300000 0.127000 0.000254 0.713000 0.000122 1.288780
40.000000 0.174000 0.000254 0.396000 0.000172 1.227240
125.000000 0.048000 0.000254 0.555000 0.000009 1.250940
2.500000 0.095000 0.000254 0.317000 0.000046 1.201360
125.000000 0.000000 0.003048 0.713000 0.000027 1.122410
25.000000 0.053000 0.002286 0.713000 0.000052 1.237400
25.000000 0.000000 0.001016 0.396000 0.000015 1.326110
25.000000 0.073000 0.002286 0.396000 0.000123 1.165590
5.000000 0.030000 0.003048 0.713000 0.000043 1.284540
80.000000 0.000000 0.002286 0.713000 0.000021 1.180240
8.000000 0.015000 0.003048 0.396000 0.000039 1.288310
20.000000 0.197000 0.000508 0.713000 0.000341 1.200550
31.500000 0.123000 0.001016 0.713000 0.000338 1.207980
63.000000 0.154000 0.000508 0.317000 0.000290 1.081850
2.500000 0.072000 0.001524 0.396000 0.000091 1.274880
12.500000 0.222000 0.000254 0.713000 0.000214 1.409870
8.000000 0.000000 0.001524 0.396000 0.000019 1.279030
100.000000 0.000000 0.000254 0.555000 0.000004 1.345630
3.150000 0.000000 0.002286 0.317000 0.000027 1.205950
12.500000 0.099000 0.001524 0.317000 0.000253 1.186190
3.150000 0.020000 0.002286 0.317000 0.000037 1.201470
16.000000 0.000000 0.001016 0.396000 0.000015 1.332610
6.300000 0.000000 0.003048 0.396000 0.000031 1.286290
25.000000 0.054000 0.001524 0.317000 0.000053 1.191510
160.000000 0.000000 0.000254 0.713000 0.000004 1.304770
8.000000 0.000000 0.000508 0.396000 0.000008 1.265080
4.000000 0.089000 0.001016 0.713000 0.000103 1.381230
10.000000 0.174000 0.000254 0.555000 0.000166 1.260010
25.000000 0.084000 0.000508 0.396000 0.000057 1.274650
5.000000 0.000000 0.002286 0.555000 0.000023 1.237800
2.500000 0.112000 0.000508 0.396000 0.000150 1.264300
63.000000 0.156000 0.001016 0.396000 0.000528 1.042040
8.000000 0.095000 0.000254 0.713000 0.000042 1.272060
4.000000 0.084000 0.000508 0.396000 0.000057 1.200150
8.000000 0.000000 0.000508 0.555000 0.000008 1.243360
100.000000 0.000000 0.000254 0.713000 0.000004 1.307870
3.150000 0.154000 0.000508 0.555000 0.000272 1.253900
6.300000 0.040000 0.003048 0.396000 0.000058 1.310730
63.000000 0.027000 0.001524 0.396000 0.000029 1.192090
12.500000 0.089000 0.001016 0.396000 0.000125 1.277100
25.000000 0.000000 0.001524 0.713000 0.000016 1.281270
4.000000 0.089000 0.001016 0.396000 0.000125 1.355400
40.000000 0.084000 0.000508 0.555000 0.000054 1.226120
63.000000 0.033000 0.001016 0.396000 0.000025 1.208510
20.000000 0.174000 0.000254 0.713000 0.000161 1.268260
5.000000 0.053000 0.002286 0.713000 0.000052 1.298800
20.000000 0.054000 0.001524 0.713000 0.000040 1.311110
25.000000 0.040000 0.003048 0.713000 0.000050 1.237750
25.000000 0.000000 0.001016 0.555000 0.000013 1.330400
12.500000 0.000000 0.003048 0.555000 0.000028 1.260860
3.150000 0.053000 0.002286 0.396000 0.000061 1.296910
20.000000 0.030000 0.003048 0.396000 0.000050 1.205320
5.000000 0.099000 0.001524 0.396000 0.000233 1.268350
40.000000 0.154000 0.000508 0.317000 0.000290 1.156350
20.000000 0.222000 0.000254 0.396000 0.000229 1.212560
20.000000 0.020000 0.002286 0.555000 0.000031 1.246120
16.000000 0.000000 0.003048 0.396000 0.000031 1.240490
40.000000 0.099000 0.001524 0.713000 0.000193 1.150790
16.000000 0.099000 0.001524 0.555000 0.000208 1.198750
5.000000 0.020000 0.002286 0.317000 0.000037 1.266770
12.500000 0.072000 0.001524 0.396000 0.000091 1.224280
2.000000 0.174000 0.000254 0.713000 0.000161 1.125060
3.150000 0.222000 0.000254 0.396000 0.000229 1.207160
63.000000 0.053000 0.002286 0.713000 0.000052 1.169200
63.000000 0.000000 0.002286 0.317000 0.000027 1.168150
20.000000 0.067000 0.001016 0.396000 0.000058 1.222350
63.000000 0.123000 0.001016 0.396000 0.000408 1.079850
10.000000 0.015000 0.003048 0.713000 0.000034 1.259920
31.500000 0.027000 0.001524 0.396000 0.000029 1.229190
50.000000 0.154000 0.000508 0.713000 0.000264 1.191350
5.000000 0.000000 0.001524 0.396000 0.000019 1.195130
6.300000 0.222000 0.000254 0.713000 0.000214 1.206570
10.000000 0.073000 0.002286 0.555000 0.000112 1.251940
80.000000 0.033000 0.001016 0.555000 0.000022 1.205690
16.000000 0.123000 0.001016 0.555000 0.000368 1.218240
8.000000 0.000000 0.003048 0.396000 0.000031 1.290990
63.000000 0.048000 0.000254 0.317000 0.000009 1.328980
80.000000 0.000000 0.000508 0.713000 0.000007 1.308900
2.000000 0.156000 0.001016 0.396000 0.000528 1.235140
31.500000 0.020000 0.002286 0.555000 0.000031 1.237420
12.500000 0.089000 0.001016 0.713000 0.000103 1.327930
20.000000 0.033000 0.001016 0.713000 0.000020 1.340340
125.000000 0.048000 0.000254 0.713000 0.000008 1.276880
8.000000 0.000000 0.001524 0.555000 0.000017 1.267130
10.000000 0.067000 0.001016 0.555000 0.000052 1.372330
8.000000 0.054000 0.001524 0.317000 0.000053 1.314910
80.000000 0.000000 0.000508 0.317000 0.000008 1.265900
40.000000 0.000000 0.000254 0.396000 0.000004 1.353460
3.150000 0.099000 0.001524 0.317000 0.000253 1.288090
4.000000 0.123000 0.001016 0.317000 0.000419 1.232070
25.000000 0.154000 0.000508 0.317000 0.000290 1.199450
25.000000 0.000000 0.001016 0.317000 0.000015 1.320030
16.000000 0.048000 0.000254 0.396000 0.000009 1.259660
25.000000 0.156000 0.001016 0.396000 0.000528 1.102640
63.000000 0.030000 0.003048 0.317000 0.000053 1.097180
8.000000 0.054000 0.001524 0.396000 0.000049 1.327570
40.000000 0.154000 0.000508 0.555000 0.000272 1.209200
40.000000 0.000000 0.002286 0.555000 0.000023 1.234100
80.000000 0.048000 0.000254 0.713000 0.000008 1.315180
25.000000 0.000000 0.000254 0.317000 0.000004 1.328970
