8
1030
1.560000 2.430000 0.000000 1.800000 0.110000 10.220000 6.980000 0.280000 0.373600
1.360000 1.960000 0.980000 1.990000 0.060000 8.470000 7.830000 0.280000 0.269700
1.738000 0.934000 1.599000 1.723000 0.097000 10.072000 7.466000 0.560000 0.489900
2.880000 1.920000 0.000000 1.920000 0.000000 9.320000 7.178000 0.900000 0.505300
4.000000 0.000000 0.000000 1.870000 0.000000 10.250000 7.450000 0.070000 0.301400
4.750000 0.000000 0.000000 2.280000 0.000000 9.320000 5.940000 2.700000 0.421300
3.800000 0.000000 0.000000 2.280000 0.000000 9.320000 6.700000 1.800000 0.531000
3.560000 1.190000 0.000000 1.600000 0.090000 10.610000 6.570000 0.280000 0.590000
2.491000 0.000000 0.988000 1.581000 0.128000 9.878000 8.890000 0.280000 0.308500
3.420000 0.380000 0.000000 2.280000 0.000000 9.320000 6.700000 0.900000 0.504600
1.903000 0.000000 1.252000 1.619000 0.099000 10.881000 8.026000 0.560000 0.385600
1.947000 0.000000 1.005000 1.702000 0.075000 9.980000 9.018000 1.000000 0.442800
1.650000 0.000000 1.436000 1.638000 0.000000 10.056000 9.009000 0.030000 0.144000
2.863000 2.009000 0.000000 1.447000 0.112000 10.046000 8.037000 0.560000 0.729900
2.120000 1.413000 0.000000 2.035000 0.000000 9.734000 7.500000 0.900000 0.397000
1.552000 1.839000 1.432000 1.938000 0.092000 8.796000 6.985000 0.280000 0.289900
2.520000 0.000000 0.000000 1.850000 0.000000 11.110000 7.840000 0.070000 0.137100
2.360000 0.000000 0.000000 1.930000 0.000000 9.680000 8.850000 3.650000 0.250800
4.800000 0.000000 0.000000 1.920000 0.000000 9.362000 7.122000 0.280000 0.439400
5.400000 0.000000 0.000000 1.730000 0.000000 11.250000 6.130000 0.140000 0.597600
2.957000 0.000000 0.956000 1.715000 0.089000 9.551000 8.592000 0.560000 0.487200
4.910000 0.260000 1.230000 2.010000 0.039000 8.220000 6.990000 0.560000 0.618600
1.450000 0.000000 1.340000 1.810000 0.110000 9.790000 8.120000 0.280000 0.132000
2.120000 0.000000 1.248000 1.590000 0.078000 10.854000 7.995000 0.140000 0.313500
4.750000 1.188000 0.000000 1.811000 0.089000 8.521000 7.815000 0.910000 0.741900
1.413000 2.120000 0.000000 2.035000 0.000000 9.718000 7.485000 0.030000 0.048300
2.000000 1.330000 0.000000 1.920000 0.000000 9.654000 8.062000 0.030000 0.114100
1.820000 0.452000 1.220000 1.702000 0.082000 10.594000 7.807000 0.030000 0.073200
1.668000 2.502000 0.000000 2.035000 0.000000 9.756000 6.926000 0.280000 0.339500
3.161000 2.107000 0.000000 1.857000 0.000000 9.770000 6.893000 0.070000 0.244400
1.526000 2.387000 0.000000 2.000000 0.063000 10.018000 6.839000 0.280000 0.268600
3.048000 0.000000 0.996000 1.960000 0.098000 9.594000 7.052000 0.280000 0.301200
4.240000 0.220000 1.320000 1.680000 0.089000 8.220000 7.500000 0.280000 0.721000
2.904000 0.000000 0.962000 1.681000 0.094000 9.612000 8.650000 1.000000 0.489700
2.599000 1.006000 0.784000 1.706000 0.104000 9.357000 7.629000 0.280000 0.497700
1.160000 1.730000 0.000000 1.920000 0.000000 9.098000 8.919000 0.900000 0.310200
1.226000 1.839000 0.000000 2.035000 0.000000 9.582000 8.001000 0.070000 0.103500
2.555000 1.703000 0.000000 1.857000 0.000000 10.266000 7.243000 0.070000 0.172400
2.035000 3.053000 0.000000 2.035000 0.000000 9.634000 6.300000 0.900000 0.518600
2.902000 1.935000 0.000000 1.857000 0.000000 9.982000 7.043000 0.070000 0.218600
1.530000 1.020000 0.000000 1.920000 0.000000 8.880000 9.431000 0.030000 0.047800
2.468000 0.000000 1.251000 1.433000 0.120000 10.868000 8.009000 0.560000 0.603200
1.531000 1.450000 1.130000 1.785000 0.080000 8.672000 8.240000 0.280000 0.262300
3.310000 0.000000 0.000000 1.920000 0.000000 9.780000 8.250000 1.800000 0.390000
3.795000 1.512000 0.000000 1.539000 0.159000 11.343000 6.050000 0.910000 0.565000
1.646000 0.000000 1.504000 1.816000 0.117000 10.233000 7.289000 0.280000 0.180300
4.750000 0.000000 0.000000 2.280000 0.000000 9.320000 5.940000 0.280000 0.392900
1.907000 0.000000 1.254000 1.621000 0.078000 10.900000 8.040000 0.030000 0.150400
2.810000 0.000000 0.000000 1.860000 0.000000 11.040000 7.740000 0.070000 0.145000
1.947000 0.000000 1.005000 1.702000 0.075000 9.980000 9.018000 0.030000 0.121800
3.825000 0.000000 0.000000 1.857000 0.000000 10.478000 7.393000 0.070000 0.240700
3.740000 1.892000 0.000000 1.701000 0.101000 9.261000 7.567000 0.030000 0.344000
5.250000 0.000000 0.000000 1.890000 0.000000 11.250000 6.130000 0.070000 0.424200
3.626000 1.890000 0.000000 1.649000 0.116000 9.447000 7.558000 0.030000 0.353000
3.100000 0.000000 0.000000 1.920000 0.000000 10.120000 8.300000 0.900000 0.357600
3.420000 0.380000 0.000000 2.280000 0.000000 9.320000 6.700000 2.700000 0.550600
3.886000 0.971000 0.000000 1.579000 0.121000 8.521000 9.257000 0.280000 0.507000
3.040000 0.760000 0.000000 2.280000 0.000000 9.320000 6.700000 0.900000 0.491900
2.884000 1.210000 0.000000 1.774000 0.070000 9.079000 8.295000 0.280000 0.421400
3.310000 0.000000 0.000000 1.920000 0.000000 10.250000 8.210000 0.900000 0.379100
5.200000 0.000000 0.000000 1.750000 0.052000 8.700000 8.050000 0.280000 0.510200
1.495000 2.360000 0.000000 1.758000 0.126000 8.468000 8.927000 0.280000 0.329600
2.491000 0.000000 0.988000 1.581000 0.128000 9.878000 8.890000 0.560000 0.420300
3.133000 2.622000 0.000000 1.755000 0.086000 10.469000 6.118000 0.560000 0.649000
1.350000 1.050000 1.930000 1.960000 0.060000 9.650000 6.430000 0.280000 0.219100
4.750000 0.000000 0.000000 2.280000 0.000000 9.320000 5.940000 0.070000 0.386000
1.536000 1.442000 1.123000 2.201000 0.101000 9.232000 6.579000 0.280000 0.165000
3.870000 0.200000 0.940000 1.570000 0.139000 9.380000 8.450000 0.070000 0.459000
3.133000 1.450000 0.000000 1.785000 0.080000 10.019000 6.887000 0.280000 0.410500
3.390000 0.000000 0.000000 1.970000 0.000000 9.680000 7.810000 0.030000 0.132200
1.480000 0.000000 1.820000 1.810000 0.150000 8.390000 8.840000 0.280000 0.155200
2.728000 1.819000 0.000000 1.857000 0.000000 10.124000 7.143000 0.070000 0.197700
4.460000 0.240000 0.790000 1.620000 0.116000 9.670000 7.120000 0.280000 0.510200
2.035000 3.053000 0.000000 2.035000 0.000000 9.634000 6.300000 0.070000 0.195400
2.610000 1.000000 0.780000 2.010000 0.090000 8.640000 7.610000 0.280000 0.324000
2.338000 0.000000 0.946000 1.979000 0.046000 9.470000 8.522000 0.030000 0.103800
1.330000 2.000000 0.000000 1.920000 0.000000 9.274000 8.392000 0.900000 0.365900
2.890000 1.340000 0.000000 1.950000 0.060000 9.240000 7.600000 0.280000 0.462400
3.850000 0.000000 1.360000 1.580000 0.200000 9.030000 7.680000 0.280000 0.555500
1.660000 2.600000 0.000000 1.830000 0.130000 8.590000 8.270000 0.280000 0.379100
3.800000 0.950000 0.000000 2.280000 0.000000 9.320000 5.940000 2.700000 0.411500
2.771000 0.000000 0.974000 1.606000 0.118000 9.739000 8.756000 0.140000 0.418900
2.660000 1.140000 0.000000 2.280000 0.000000 9.320000 6.700000 1.800000 0.487000
3.550000 0.190000 0.970000 1.450000 0.131000 9.670000 8.710000 0.280000 0.440300
1.903000 0.000000 1.252000 1.666000 0.099000 10.790000 7.989000 0.560000 0.317200
4.910000 0.260000 1.230000 2.100000 0.039000 8.820000 6.990000 0.070000 0.334900
2.381000 0.000000 0.000000 1.857000 0.000000 11.188000 7.893000 0.070000 0.103400
2.224000 0.000000 0.967000 1.893000 0.045000 9.671000 8.703000 1.000000 0.407100
1.680000 0.421000 1.638000 1.218000 0.057000 10.587000 7.801000 0.280000 0.242400
3.237000 2.828000 0.000000 1.838000 0.103000 9.427000 6.599000 0.070000 0.498000
2.840000 0.150000 1.410000 1.790000 0.055000 8.420000 8.010000 0.280000 0.437300
5.000000 0.000000 0.000000 2.000000 0.000000 11.250000 6.130000 0.070000 0.332100
3.325000 1.425000 0.000000 2.280000 0.000000 9.320000 5.940000 1.800000 0.397800
1.413000 2.120000 0.000000 2.035000 0.000000 9.718000 7.485000 0.070000 0.103900
2.381000 0.000000 0.941000 1.867000 0.070000 9.499000 8.470000 0.140000 0.256900
2.514000 0.000000 1.183000 1.929000 0.058000 10.436000 7.543000 0.030000 0.119800
1.820000 0.452000 1.220000 1.702000 0.082000 10.594000 7.807000 1.000000 0.486700
4.275000 0.475000 0.000000 2.280000 0.000000 9.320000 5.940000 2.700000 0.430100
3.210000 1.640000 0.000000 1.900000 0.050000 8.700000 7.740000 0.280000 0.572100
1.399000 1.326000 1.033000 2.003000 0.074000 9.160000 7.534000 0.280000 0.364400
1.020000 1.530000 0.000000 1.920000 0.000000 8.870000 9.420000 0.030000 0.045700
2.972000 0.000000 1.175000 1.748000 0.095000 10.228000 7.535000 0.030000 0.219100
3.070000 0.000000 0.000000 1.930000 0.000000 9.680000 8.120000 3.650000 0.361500
1.510000 0.000000 1.850000 1.670000 0.160000 10.740000 6.780000 0.280000 0.134600
2.500000 0.000000 0.957000 1.874000 0.055000 9.569000 8.612000 0.280000 0.292200
2.660000 1.120000 0.870000 1.780000 0.100000 9.100000 7.450000 0.280000 0.394200
2.189000 0.000000 1.241000 1.585000 0.113000 10.787000 7.949000 0.560000 0.372700
2.981000 0.000000 1.070000 1.864000 0.061000 8.790000 8.152000 0.280000 0.426400
1.459000 2.305000 0.000000 2.025000 0.034000 8.270000 8.718000 0.280000 0.327200
3.340000 0.176000 1.580000 1.890000 0.153000 9.670000 6.330000 0.280000 0.443300
4.390000 1.770000 0.000000 1.860000 0.111000 8.849000 7.079000 0.280000 0.660000
3.188000 2.125000 0.000000 1.557000 0.143000 8.521000 8.804000 0.030000 0.252000
3.133000 1.450000 0.000000 1.785000 0.080000 8.672000 8.240000 0.280000 0.409300
2.960000 0.000000 0.000000 1.920000 0.000000 10.850000 7.650000 0.070000 0.142000
2.771000 0.000000 0.974000 1.606000 0.118000 9.739000 8.756000 1.000000 0.556400
2.035000 1.357000 0.000000 1.857000 0.000000 10.762000 7.593000 0.070000 0.119600
5.400000 0.000000 0.000000 1.730000 0.000000 11.250000 6.130000 0.280000 0.673100
3.559000 0.000000 1.416000 1.933000 0.110000 8.014000 7.784000 0.280000 0.408700
5.220000 0.000000 0.000000 1.460000 0.000000 8.960000 8.960000 0.070000 0.505100
2.650000 1.110000 0.860000 1.950000 0.060000 8.330000 7.900000 0.280000 0.415400
4.240000 0.220000 1.320000 1.780000 0.085000 8.220000 7.500000 0.560000 0.657000
2.369000 0.917000 0.715000 2.469000 0.060000 8.529000 6.954000 0.280000 0.286300
2.770000 1.170000 0.910000 1.910000 0.070000 9.460000 6.660000 0.280000 0.435700
1.083000 1.624000 0.000000 2.035000 0.000000 9.382000 8.490000 0.900000 0.292300
1.819000 2.728000 0.000000 1.857000 0.000000 10.124000 7.143000 0.280000 0.279400
3.040000 1.400000 0.000000 2.140000 0.060000 8.950000 7.220000 0.280000 0.334200
2.300000 0.000000 1.183000 1.955000 0.046000 10.294000 7.586000 0.140000 0.200800
1.738000 0.934000 1.599000 1.723000 0.097000 10.072000 7.466000 0.140000 0.295500
4.240000 0.220000 1.320000 1.680000 0.089000 8.220000 7.500000 0.560000 0.743600
2.890000 0.000000 0.000000 1.920000 0.000000 9.132000 8.953000 0.900000 0.320700
2.135000 0.000000 1.742000 1.592000 0.117000 10.436000 7.719000 0.280000 0.446400
3.740000 0.000000 0.000000 1.900000 0.070000 10.130000 7.300000 0.280000 0.390500
3.130000 1.450000 0.000000 1.270000 0.080000 10.000000 8.220000 0.280000 0.445200
1.862000 1.241000 0.000000 1.857000 0.000000 10.834000 7.643000 0.280000 0.176000
1.330000 2.100000 0.000000 1.960000 0.030000 9.490000 7.950000 0.280000 0.310300
2.121000 0.000000 1.216000 1.803000 0.057000 10.576000 7.793000 0.280000 0.249000
3.820000 0.000000 0.000000 1.860000 0.000000 10.470000 7.390000 0.280000 0.374200
1.724000 0.136000 1.724000 1.568000 0.041000 10.063000 8.564000 0.140000 0.297500
3.100000 0.000000 0.000000 1.920000 0.000000 9.710000 8.506000 0.030000 0.098700
2.550000 0.000000 0.000000 1.920000 0.000000 8.898000 9.450000 0.900000 0.218600
3.220000 0.000000 0.000000 2.030000 0.000000 9.740000 8.000000 1.800000 0.295900
3.053000 2.035000 0.000000 2.035000 0.000000 9.654000 6.310000 0.030000 0.141400
2.514000 0.000000 1.183000 1.885000 0.064000 10.284000 7.577000 1.000000 0.442100
3.870000 0.200000 0.940000 1.570000 0.116000 9.380000 8.450000 0.030000 0.347700
2.750000 0.000000 0.000000 1.830000 0.000000 10.880000 8.080000 0.280000 0.245000
3.310000 0.000000 0.000000 1.920000 0.000000 10.250000 8.210000 0.280000 0.317400
3.390000 0.000000 0.000000 1.970000 0.000000 9.680000 7.810000 3.650000 0.388900
3.053000 2.035000 0.000000 2.035000 0.000000 9.654000 6.310000 0.280000 0.433800
1.590000 2.090000 1.610000 2.010000 0.070000 8.480000 6.690000 0.280000 0.308800
2.950000 0.000000 0.000000 1.850000 0.000000 10.690000 7.690000 0.070000 0.148000
3.500000 0.000000 0.000000 2.030000 0.000000 9.740000 7.750000 0.140000 0.225300
4.275000 0.475000 0.000000 2.280000 0.000000 9.320000 5.940000 0.280000 0.374300
2.000000 0.000000 0.000000 1.800000 0.000000 11.250000 8.450000 0.280000 0.122500
2.863000 2.009000 0.000000 1.447000 0.112000 10.046000 8.037000 0.070000 0.380000
1.570000 2.360000 0.000000 1.920000 0.000000 9.354000 7.812000 0.900000 0.433800
2.770000 0.000000 0.000000 1.910000 0.000000 9.680000 8.560000 0.900000 0.312500
1.440000 1.360000 1.060000 1.780000 0.070000 9.410000 7.740000 0.280000 0.261400
4.460000 0.240000 0.790000 1.620000 0.116000 9.670000 7.120000 0.560000 0.561400
1.530000 1.450000 1.130000 1.780000 0.080000 10.020000 6.890000 0.280000 0.255600
4.240000 0.220000 1.320000 1.780000 0.085000 8.820000 7.500000 0.030000 0.320100
1.160000 1.730000 0.000000 1.920000 0.000000 9.098000 8.919000 0.280000 0.223500
3.820000 0.000000 0.000000 1.850000 0.000000 10.470000 7.390000 0.070000 0.240000
2.120000 1.413000 0.000000 2.035000 0.000000 9.734000 7.500000 0.070000 0.150300
1.454000 0.000000 1.789000 2.017000 0.078000 8.240000 8.687000 0.280000 0.105400
2.338000 0.000000 0.946000 1.979000 0.046000 9.470000 8.522000 0.280000 0.228400
3.760000 0.000000 0.000000 2.146000 0.000000 10.035000 7.624000 1.000000 0.430600
2.502000 1.668000 0.000000 2.035000 0.000000 9.776000 6.941000 0.070000 0.193500
1.320000 2.065000 1.609000 1.789000 0.055000 8.669000 7.356000 0.280000 0.333100
1.730000 1.160000 0.000000 1.920000 0.000000 9.468000 8.568000 0.900000 0.321000
3.214000 0.000000 1.279000 1.825000 0.115000 8.701000 7.797000 0.280000 0.372700
2.182000 0.546000 1.238000 1.408000 0.119000 10.757000 7.927000 0.140000 0.359600
2.970000 0.000000 0.000000 1.860000 0.000000 10.400000 7.340000 0.070000 0.309600
3.222000 0.000000 1.156000 1.960000 0.104000 8.179000 8.134000 0.280000 0.311800
2.121000 0.000000 1.216000 1.803000 0.057000 10.576000 7.793000 0.030000 0.124700
2.381000 0.000000 0.941000 1.867000 0.070000 9.499000 8.470000 0.030000 0.199300
2.520000 0.000000 0.000000 1.850000 0.000000 11.110000 7.840000 0.280000 0.196900
1.947000 0.000000 1.005000 1.656000 0.075000 10.064000 9.059000 0.030000 0.124500
1.650000 1.285000 1.321000 1.751000 0.081000 10.058000 7.466000 0.030000 0.194200
3.140000 1.453000 1.132000 1.789000 0.080000 8.691000 6.902000 0.280000 0.462300
3.100000 1.428000 0.000000 1.679000 0.100000 9.143000 8.040000 0.280000 0.453000
1.674000 1.299000 1.286000 1.755000 0.078000 10.063000 7.466000 0.280000 0.412000
2.135000 0.000000 1.742000 1.546000 0.117000 10.523000 7.755000 0.280000 0.459400
3.490000 0.000000 0.000000 1.920000 0.000000 10.470000 8.060000 3.600000 0.421300
2.125000 0.000000 1.004000 1.593000 0.087000 10.078000 9.036000 0.140000 0.263100
2.375000 2.375000 0.000000 2.280000 0.000000 9.320000 5.940000 0.280000 0.300800
3.140000 0.000000 1.130000 1.700000 0.100000 9.250000 7.830000 0.280000 0.384600
2.121000 0.000000 1.216000 1.803000 0.057000 10.576000 7.793000 0.560000 0.342000
1.907000 0.000000 1.254000 1.621000 0.078000 10.900000 8.040000 0.140000 0.210600
3.626000 1.890000 0.000000 1.649000 0.116000 9.447000 7.558000 0.070000 0.559000
3.390000 0.000000 0.000000 1.850000 0.000000 10.600000 7.540000 0.280000 0.316500
1.436000 0.000000 1.749000 1.584000 0.179000 9.427000 8.445000 0.280000 0.154200
2.137000 0.981000 0.245000 1.817000 0.069000 10.658000 7.854000 0.280000 0.457100
1.839000 1.226000 0.000000 2.035000 0.000000 9.592000 8.000000 0.900000 0.325300
1.674000 1.299000 1.286000 1.755000 0.078000 10.063000 7.466000 0.560000 0.517200
2.850000 1.900000 0.000000 1.630000 0.076000 10.310000 6.850000 0.280000 0.535800
2.600000 1.010000 0.780000 1.710000 0.100000 9.360000 7.630000 0.280000 0.497700
1.478000 1.751000 0.000000 1.712000 0.022000 10.000000 8.285000 0.280000 0.269200
3.870000 0.200000 0.940000 1.570000 0.139000 9.380000 8.450000 0.030000 0.255100
3.750000 0.938000 0.000000 1.266000 0.234000 8.521000 9.926000 0.070000 0.457000
3.188000 2.125000 0.000000 1.557000 0.143000 8.521000 8.804000 0.910000 0.681000
2.000000 1.330000 0.000000 1.920000 0.000000 9.654000 8.062000 0.900000 0.432500
1.674000 1.299000 1.286000 1.755000 0.078000 10.063000 7.466000 1.000000 0.536600
3.100000 0.000000 0.000000 1.920000 0.000000 10.120000 8.300000 1.200000 0.387000
3.392000 0.000000 0.000000 1.857000 0.000000 10.692000 7.543000 0.070000 0.211800
1.520000 1.780000 1.390000 1.680000 0.180000 9.440000 6.950000 0.280000 0.363500
3.390000 0.000000 0.000000 1.850000 0.000000 10.690000 7.540000 0.070000 0.211600
1.947000 0.000000 1.005000 1.656000 0.075000 10.064000 9.059000 0.280000 0.257200
1.481000 0.000000 1.366000 1.581000 0.161000 10.018000 8.301000 0.280000 0.179600
3.626000 1.890000 0.000000 1.649000 0.116000 9.447000 7.558000 0.560000 0.773000
2.863000 2.009000 0.000000 1.447000 0.112000 10.046000 8.037000 0.280000 0.677000
3.330000 0.000000 0.000000 1.920000 0.000000 9.312000 8.426000 0.900000 0.416800
1.584000 0.000000 1.949000 2.197000 0.110000 8.977000 7.129000 0.280000 0.085400
1.640000 0.000000 2.000000 1.810000 0.130000 8.490000 8.460000 0.280000 0.150900
1.650000 0.000000 1.436000 1.638000 0.000000 10.056000 9.009000 1.000000 0.379600
4.690000 1.172000 0.000000 1.378000 0.322000 8.521000 8.405000 0.070000 0.549000
3.886000 0.971000 0.000000 1.579000 0.121000 8.521000 9.257000 0.910000 0.576000
2.297000 0.000000 1.182000 1.952000 0.061000 10.281000 7.576000 0.030000 0.133600
1.650000 0.000000 1.436000 1.638000 0.000000 10.056000 9.009000 0.140000 0.168800
3.213000 1.642000 0.000000 1.905000 0.046000 8.700000 7.740000 0.280000 0.572200
2.000000 1.330000 0.000000 1.920000 0.000000 9.654000 8.062000 0.280000 0.304400
1.903000 0.000000 1.252000 1.619000 0.099000 10.881000 8.026000 0.140000 0.227200
4.250000 1.063000 0.000000 1.535000 0.165000 8.521000 8.871000 0.560000 0.643000
3.886000 0.971000 0.000000 1.579000 0.121000 8.521000 9.257000 0.070000 0.349000
3.740000 1.892000 0.000000 1.701000 0.101000 9.261000 7.567000 0.280000 0.610900
2.873000 1.205000 0.939000 1.876000 0.092000 9.044000 6.959000 0.280000 0.438000
3.133000 2.622000 0.000000 1.755000 0.086000 10.469000 6.118000 0.030000 0.288000
3.660000 1.870000 0.000000 1.910000 0.070000 8.240000 7.570000 0.280000 0.659100
2.208000 1.472000 0.000000 1.857000 0.000000 10.550000 7.443000 0.070000 0.130900
1.780000 1.298000 1.186000 1.799000 0.036000 10.073000 7.468000 0.560000 0.485900
1.485000 1.394000 1.086000 1.927000 0.061000 8.924000 7.800000 0.280000 0.237000
3.180000 0.000000 1.260000 2.100000 0.060000 8.610000 7.370000 0.280000 0.400600
1.680000 0.421000 1.638000 1.218000 0.057000 10.587000 7.801000 1.000000 0.392300
1.661000 0.000000 1.633000 1.765000 0.045000 10.586000 7.801000 0.560000 0.286300
1.507000 0.000000 1.853000 1.667000 0.156000 10.745000 6.780000 0.280000 0.134600
2.525000 0.000000 0.000000 1.857000 0.000000 11.116000 7.843000 0.280000 0.197700
2.620000 1.110000 0.860000 1.950000 0.050000 8.950000 7.330000 0.280000 0.337200
3.310000 0.000000 0.000000 1.920000 0.000000 9.780000 8.250000 0.030000 0.135200
3.100000 0.000000 0.000000 1.920000 0.000000 9.700000 8.500000 0.070000 0.149900
3.138000 0.000000 1.126000 1.699000 0.101000 9.253000 7.829000 0.280000 0.384600
2.771000 0.000000 0.974000 1.606000 0.118000 9.739000 8.756000 0.030000 0.231400
2.297000 0.000000 1.182000 1.952000 0.061000 10.281000 7.576000 0.560000 0.313500
3.870000 0.200000 0.940000 1.570000 0.143000 9.380000 8.450000 0.560000 0.563400
2.514000 0.000000 1.183000 1.929000 0.058000 10.436000 7.543000 0.140000 0.207300
2.375000 2.375000 0.000000 2.280000 0.000000 9.320000 5.940000 2.700000 0.384100
1.670000 0.754000 1.670000 1.640000 0.079000 10.073000 7.701000 0.560000 0.534600
2.125000 0.000000 1.004000 1.593000 0.087000 10.078000 9.036000 1.000000 0.429200
3.850000 0.000000 0.000000 1.860000 0.000000 9.660000 7.630000 0.070000 0.232200
3.750000 0.938000 0.000000 1.266000 0.234000 8.521000 9.926000 0.560000 0.602000
3.500000 0.000000 0.000000 2.030000 0.000000 9.740000 7.750000 0.560000 0.299800
4.750000 0.000000 0.000000 1.620000 0.095000 10.440000 6.620000 0.280000 0.585200
2.135000 0.000000 1.742000 1.592000 0.117000 10.436000 7.719000 1.000000 0.529600
5.400000 0.000000 0.000000 1.730000 0.000000 11.250000 6.130000 2.700000 0.741700
4.250000 1.063000 0.000000 1.535000 0.165000 8.521000 8.871000 0.030000 0.334000
2.772000 0.978000 0.245000 1.607000 0.112000 10.617000 7.825000 0.030000 0.304500
4.910000 0.260000 1.230000 2.100000 0.039000 8.820000 6.990000 0.030000 0.256100
2.660000 1.140000 0.000000 2.280000 0.000000 9.320000 6.700000 0.280000 0.458500
3.000000 0.000000 0.000000 1.840000 0.000000 10.750000 7.950000 0.070000 0.155800
3.740000 1.892000 0.000000 1.701000 0.101000 9.261000 7.567000 0.560000 0.634000
2.981000 0.000000 1.075000 1.636000 0.128000 9.532000 7.840000 0.280000 0.358700
3.220000 0.000000 0.000000 2.030000 0.000000 9.740000 8.000000 0.140000 0.207700
4.910000 0.260000 1.230000 2.010000 0.039000 8.220000 6.990000 0.070000 0.379200
1.347000 0.000000 1.657000 1.802000 0.100000 9.610000 8.049000 0.280000 0.132900
2.107000 3.161000 0.000000 1.857000 0.000000 9.770000 6.893000 0.280000 0.378100
1.226000 1.839000 0.000000 2.035000 0.000000 9.582000 8.001000 0.280000 0.242900
2.514000 0.000000 1.183000 1.885000 0.064000 10.284000 7.577000 0.280000 0.326600
5.313000 0.000000 0.000000 1.418000 0.282000 8.521000 8.937000 0.910000 0.592000
2.318000 0.000000 1.216000 1.740000 0.067000 10.564000 7.785000 0.560000 0.427000
3.590000 0.190000 1.410000 1.540000 0.109000 9.420000 8.010000 0.030000 0.236400
3.930000 0.000000 0.000000 1.920000 0.000000 9.406000 7.856000 0.030000 0.192000
2.300000 0.000000 1.183000 1.955000 0.046000 10.294000 7.586000 1.000000 0.353400
3.800000 0.950000 0.000000 2.280000 0.000000 9.320000 5.940000 0.900000 0.405600
3.390000 0.000000 0.000000 1.850000 0.000000 10.690000 7.540000 0.280000 0.318400
5.001000 0.000000 0.000000 2.000000 0.030000 11.244000 6.132000 0.280000 0.441300
2.135000 0.000000 1.742000 1.592000 0.117000 10.436000 7.719000 0.560000 0.512600
1.020000 1.530000 0.000000 1.920000 0.000000 8.870000 9.420000 0.900000 0.254600
2.126000 0.000000 1.004000 1.594000 0.104000 10.038000 9.038000 0.280000 0.374000
2.360000 0.000000 0.000000 1.930000 0.000000 9.680000 8.850000 0.070000 0.099900
3.000000 0.000000 0.000000 1.840000 0.000000 10.750000 7.950000 0.280000 0.268500
1.839000 1.226000 0.000000 2.035000 0.000000 9.592000 8.000000 0.030000 0.049000
2.958000 0.000000 0.000000 1.857000 0.000000 10.914000 7.693000 0.280000 0.252200
5.400000 0.000000 0.000000 1.730000 0.000000 11.250000 6.130000 1.800000 0.716200
1.650000 0.000000 1.436000 1.638000 0.000000 10.056000 9.009000 0.280000 0.262000
3.330000 0.175000 1.630000 1.670000 0.179000 9.960000 6.520000 0.280000 0.472800
5.400000 0.000000 0.000000 1.620000 0.025000 10.550000 6.760000 0.280000 0.618900
1.642000 0.000000 2.001000 1.812000 0.126000 8.493000 8.460000 0.280000 0.150900
3.133000 2.622000 0.000000 1.755000 0.086000 10.469000 6.118000 0.910000 0.666000
2.360000 0.000000 0.000000 1.940000 0.000000 9.680000 8.850000 0.900000 0.219500
1.670000 0.754000 1.670000 1.640000 0.079000 10.073000 7.701000 0.140000 0.329000
1.364000 1.616000 1.258000 1.716000 0.104000 9.226000 7.644000 0.280000 0.290700
3.899000 1.890000 0.000000 1.459000 0.220000 9.447000 7.558000 0.280000 0.745000
4.460000 0.240000 0.790000 1.620000 0.116000 9.670000 7.120000 0.280000 0.444200
2.318000 0.000000 1.216000 1.740000 0.067000 10.564000 7.785000 1.000000 0.458400
3.970000 0.000000 0.000000 1.857000 0.000000 10.406000 7.343000 0.280000 0.330800
1.903000 0.000000 1.252000 1.666000 0.099000 10.790000 7.989000 1.000000 0.335600
2.645000 1.110000 0.865000 1.955000 0.059000 8.326000 7.904000 0.280000 0.415400
1.735000 0.501000 1.735000 1.648000 0.065000 10.062000 7.935000 0.030000 0.230800
1.620000 1.900000 1.480000 1.790000 0.190000 8.380000 7.410000 0.280000 0.337600
3.100000 0.000000 0.000000 1.920000 0.000000 10.120000 8.300000 0.030000 0.118500
5.400000 0.000000 0.000000 1.730000 0.000000 11.250000 6.130000 0.900000 0.696600
3.970000 0.000000 0.000000 1.857000 0.000000 10.406000 7.343000 0.070000 0.254500
1.650000 0.000000 1.500000 1.820000 0.120000 10.230000 7.290000 0.280000 0.180300
3.053000 2.035000 0.000000 2.035000 0.000000 9.654000 6.310000 0.070000 0.258900
1.820000 0.452000 1.220000 1.702000 0.082000 10.594000 7.807000 0.560000 0.435000
2.107000 3.161000 0.000000 1.857000 0.000000 9.770000 6.893000 0.070000 0.218200
2.137000 0.000000 1.747000 1.548000 0.102000 10.535000 7.764000 1.000000 0.500800
3.760000 0.000000 0.000000 2.146000 0.000000 10.035000 7.624000 0.280000 0.319700
2.771000 0.000000 0.974000 1.606000 0.118000 9.739000 8.756000 0.560000 0.510400
4.800000 0.000000 0.000000 1.920000 0.000000 9.360000 7.210000 0.280000 0.438900
1.730000 1.160000 0.000000 1.920000 0.000000 9.468000 8.568000 0.280000 0.242800
3.260000 0.000000 1.380000 1.990000 0.110000 8.010000 7.920000 0.280000 0.406800
3.161000 2.107000 0.000000 1.857000 0.000000 9.770000 6.893000 0.280000 0.387000
1.650000 1.285000 1.321000 1.751000 0.081000 10.058000 7.466000 0.140000 0.330900
2.380000 0.000000 0.000000 1.860000 0.000000 11.190000 7.890000 0.070000 0.120500
3.490000 0.000000 0.000000 1.920000 0.000000 10.470000 8.069000 0.030000 0.150500
3.379000 1.890000 0.000000 1.749000 0.095000 9.447000 7.558000 0.030000 0.241000
2.998000 0.000000 1.198000 2.115000 0.099000 8.782000 7.276000 0.280000 0.238400
2.020000 0.110000 1.410000 2.060000 0.017000 9.420000 8.010000 0.560000 0.232500
2.189000 0.000000 1.241000 1.585000 0.113000 10.787000 7.949000 0.280000 0.302200
2.514000 0.000000 1.183000 1.885000 0.064000 10.284000 7.577000 0.560000 0.366400
4.018000 0.947000 0.000000 1.474000 0.114000 9.468000 8.521000 0.070000 0.541000
3.330000 0.000000 0.000000 1.920000 0.000000 9.312000 8.426000 0.030000 0.156200
4.750000 0.000000 0.590000 1.420000 0.019000 10.980000 6.410000 0.280000 0.572300
4.460000 0.240000 0.790000 1.620000 0.116000 9.670000 7.120000 0.560000 0.552500
1.530000 1.450000 1.130000 1.780000 0.080000 8.670000 8.240000 0.280000 0.262300
4.800000 0.000000 0.000000 1.920000 0.000000 9.362000 7.122000 0.900000 0.543200
4.250000 1.063000 0.000000 1.535000 0.165000 8.521000 8.871000 0.910000 0.652000
1.520000 0.000000 1.120000 1.840000 0.080000 9.920000 8.160000 0.280000 0.121800
2.514000 0.000000 1.183000 1.885000 0.058000 10.284000 7.577000 0.280000 0.296500
3.626000 1.890000 0.000000 1.649000 0.116000 9.447000 7.558000 0.030000 0.353000
2.523000 0.000000 0.988000 1.463000 0.142000 9.878000 8.890000 0.280000 0.506000
3.750000 0.000000 0.000000 1.860000 0.000000 10.380000 7.580000 0.070000 0.260600
2.035000 3.053000 0.000000 2.035000 0.000000 9.634000 6.300000 0.280000 0.416800
3.179000 0.000000 1.265000 2.097000 0.057000 8.605000 7.366000 0.280000 0.400600
2.904000 0.000000 0.962000 1.681000 0.094000 9.612000 8.650000 0.280000 0.347400
3.127000 1.447000 0.000000 1.273000 0.080000 9.997000 8.222000 0.280000 0.445200
2.982000 0.000000 1.070000 2.097000 0.111000 8.796000 7.442000 0.280000 0.318800
4.250000 1.063000 0.000000 1.535000 0.165000 8.521000 8.871000 0.070000 0.492000
2.224000 0.000000 0.967000 1.893000 0.045000 9.671000 8.703000 0.560000 0.294500
1.360000 1.620000 1.260000 1.720000 0.100000 9.230000 7.640000 0.280000 0.290700
3.750000 0.938000 0.000000 1.266000 0.234000 8.521000 9.926000 0.030000 0.290000
1.331000 2.102000 0.000000 1.957000 0.031000 9.494000 7.953000 0.280000 0.289400
1.738000 0.934000 1.599000 1.723000 0.097000 10.072000 7.466000 0.280000 0.378100
4.910000 0.260000 1.230000 2.010000 0.039000 8.220000 6.990000 0.280000 0.579200
1.450000 1.160000 1.190000 1.840000 0.057000 8.330000 8.800000 0.280000 0.291600
1.480000 0.000000 1.370000 1.580000 0.160000 10.020000 8.300000 0.280000 0.179500
2.375000 2.375000 0.000000 2.280000 0.000000 9.320000 5.940000 1.800000 0.362500
1.438000 1.363000 1.062000 1.781000 0.075000 9.415000 7.743000 0.280000 0.261500
3.256000 1.664000 0.000000 1.740000 0.089000 8.816000 7.900000 0.280000 0.612400
2.224000 0.000000 0.967000 1.893000 0.045000 9.671000 8.703000 0.280000 0.248900
4.250000 1.063000 0.000000 1.535000 0.165000 8.521000 8.871000 0.070000 0.492000
2.514000 0.000000 1.183000 1.929000 0.058000 10.436000 7.543000 1.000000 0.401500
4.750000 0.000000 0.000000 2.280000 0.000000 9.320000 5.940000 3.650000 0.419300
3.040000 0.760000 0.000000 2.280000 0.000000 9.320000 6.700000 2.700000 0.543800
4.018000 0.947000 0.000000 1.474000 0.114000 9.468000 8.521000 0.030000 0.411000
1.738000 0.934000 1.599000 1.723000 0.097000 10.072000 7.466000 0.030000 0.158200
2.035000 3.053000 0.000000 2.035000 0.000000 9.634000 6.300000 0.030000 0.095600
3.795000 1.512000 0.000000 1.539000 0.159000 11.343000 6.050000 0.070000 0.471000
2.730000 0.000000 0.900000 1.990000 0.110000 9.310000 7.620000 0.280000 0.322400
3.590000 0.190000 1.410000 1.540000 0.109000 9.420000 8.010000 0.280000 0.594900
1.724000 0.136000 1.724000 1.568000 0.041000 10.063000 8.564000 1.000000 0.376800
5.000000 0.000000 0.000000 2.000000 0.000000 11.250000 6.130000 0.280000 0.440900
5.050000 0.000000 0.600000 1.950000 0.000000 10.300000 6.300000 0.280000 0.640200
4.460000 0.240000 0.790000 1.620000 0.103000 9.670000 7.120000 0.280000 0.533900
2.502000 1.668000 0.000000 2.035000 0.000000 9.776000 6.941000 0.900000 0.477100
2.957000 0.000000 0.956000 1.715000 0.089000 9.551000 8.592000 0.140000 0.352300
3.150000 1.370000 0.000000 1.450000 0.059000 11.300000 7.450000 0.280000 0.817500
3.814000 0.000000 0.000000 1.857000 0.000000 11.046000 7.843000 0.070000 0.145400
2.135000 0.000000 1.742000 1.546000 0.117000 10.523000 7.755000 0.030000 0.173700
2.126000 0.000000 1.004000 1.594000 0.104000 10.038000 9.038000 1.000000 0.477400
1.591000 1.867000 0.000000 1.756000 0.113000 9.896000 7.889000 0.280000 0.327700
1.516000 0.000000 1.119000 1.844000 0.079000 9.920000 8.159000 0.280000 0.121800
2.840000 0.150000 1.410000 1.790000 0.055000 8.420000 8.010000 0.030000 0.134000
3.490000 0.000000 0.000000 1.920000 0.000000 10.470000 8.060000 1.800000 0.410500
2.523000 0.000000 0.988000 1.463000 0.142000 9.878000 8.890000 0.140000 0.422900
3.560000 0.000000 1.420000 1.930000 0.110000 8.010000 7.780000 0.280000 0.408700
3.870000 0.200000 0.940000 1.570000 0.143000 9.380000 8.450000 0.070000 0.368400
1.530000 1.020000 0.000000 1.920000 0.000000 8.880000 9.431000 0.900000 0.263200
2.300000 0.000000 1.183000 1.955000 0.046000 10.294000 7.586000 0.560000 0.315400
3.490000 0.000000 0.000000 1.920000 0.000000 10.470000 8.060000 0.900000 0.394900
2.182000 0.546000 1.238000 1.408000 0.119000 10.757000 7.927000 1.000000 0.635300
1.600000 1.280000 1.220000 1.820000 0.064000 8.240000 8.790000 0.280000 0.394000
3.070000 0.000000 0.000000 1.930000 0.000000 9.680000 8.120000 1.800000 0.344900
2.890000 1.337000 0.000000 1.949000 0.055000 9.241000 7.601000 0.280000 0.462500
1.550000 1.840000 1.430000 1.940000 0.090000 8.800000 6.990000 0.280000 0.289900
1.780000 1.298000 1.186000 1.799000 0.036000 10.073000 7.468000 0.280000 0.391600
2.500000 0.000000 0.957000 1.874000 0.055000 9.569000 8.612000 1.000000 0.423500
4.460000 0.240000 0.790000 1.620000 0.116000 9.670000 7.120000 0.030000 0.353600
2.182000 0.546000 1.238000 1.408000 0.119000 10.757000 7.927000 0.560000 0.619900
4.250000 1.063000 0.000000 1.535000 0.165000 8.521000 8.871000 0.910000 0.652000
1.226000 1.839000 0.000000 2.035000 0.000000 9.582000 8.001000 0.900000 0.331900
1.986000 1.324000 0.000000 1.920000 0.000000 9.784000 8.255000 1.800000 0.417200
1.465000 1.146000 0.893000 2.019000 0.088000 8.600000 8.295000 0.280000 0.199900
2.514000 0.000000 1.183000 1.885000 0.058000 10.284000 7.577000 0.030000 0.172200
3.930000 0.000000 0.000000 1.920000 0.000000 9.406000 7.856000 0.070000 0.277400
2.750000 0.000000 0.000000 1.830000 0.000000 10.880000 8.080000 0.070000 0.142000
3.870000 0.200000 0.940000 1.570000 0.143000 9.380000 8.450000 0.280000 0.502400
2.149000 0.538000 1.219000 1.556000 0.096000 10.143000 7.806000 1.000000 0.566300
2.500000 0.000000 0.957000 1.874000 0.055000 9.569000 8.612000 0.030000 0.138200
2.972000 0.000000 1.175000 1.748000 0.095000 10.228000 7.535000 0.560000 0.519600
1.986000 1.324000 0.000000 1.920000 0.000000 9.784000 8.255000 3.600000 0.443000
2.468000 0.000000 1.251000 1.433000 0.120000 10.868000 8.009000 1.000000 0.664200
3.825000 0.000000 0.000000 1.857000 0.000000 10.478000 7.393000 0.280000 0.374400
2.137000 0.000000 1.747000 1.548000 0.102000 10.535000 7.764000 0.140000 0.337300
1.780000 1.298000 1.186000 1.799000 0.036000 10.073000 7.468000 0.030000 0.207300
1.907000 0.000000 1.254000 1.621000 0.078000 10.900000 8.040000 1.000000 0.405700
3.070000 0.000000 0.000000 1.930000 0.000000 9.680000 8.120000 0.280000 0.275300
1.540000 1.740000 1.850000 2.280000 0.070000 8.450000 6.120000 0.280000 0.243400
3.265000 0.000000 1.379000 1.990000 0.108000 8.011000 7.925000 0.280000 0.386300
3.899000 1.890000 0.000000 1.459000 0.220000 9.447000 7.558000 0.070000 0.590900
3.325000 1.425000 0.000000 2.280000 0.000000 9.320000 5.940000 0.280000 0.330200
3.020000 0.000000 0.000000 2.030000 0.000000 9.740000 8.170000 1.800000 0.267400
2.396000 3.594000 0.000000 1.857000 0.000000 9.416000 6.643000 0.280000 0.394400
3.930000 0.000000 0.000000 1.920000 0.000000 9.400000 7.580000 0.900000 0.487900
1.903000 0.000000 1.252000 1.619000 0.099000 10.881000 8.026000 1.000000 0.403900
1.986000 1.324000 0.000000 1.920000 0.000000 9.784000 8.255000 0.030000 0.091300
3.490000 0.000000 0.000000 1.920000 0.000000 10.470000 8.060000 0.280000 0.327200
1.448000 0.000000 1.336000 1.808000 0.111000 9.795000 8.115000 0.280000 0.132000
4.910000 0.260000 1.230000 2.100000 0.039000 8.820000 6.990000 0.560000 0.595900
1.518000 1.781000 1.387000 1.675000 0.183000 9.440000 6.946000 0.280000 0.363500
4.460000 0.240000 0.790000 1.620000 0.103000 9.670000 7.120000 0.560000 0.547700
1.570000 2.360000 0.000000 1.920000 0.000000 9.354000 7.812000 0.280000 0.336600
3.310000 1.700000 0.000000 1.950000 0.080000 8.110000 8.020000 0.280000 0.566100
1.330000 2.000000 0.000000 1.920000 0.000000 9.274000 8.392000 0.030000 0.068800
4.750000 1.188000 0.000000 1.811000 0.089000 8.521000 7.815000 0.030000 0.378000
1.903000 0.000000 1.252000 1.619000 0.099000 10.881000 8.026000 0.030000 0.094500
1.550000 0.000000 1.430000 1.930000 0.090000 10.470000 6.970000 0.280000 0.124600
2.890000 0.000000 0.000000 1.920000 0.000000 9.132000 8.953000 0.280000 0.255700
1.674000 1.299000 1.286000 1.755000 0.078000 10.063000 7.466000 0.030000 0.149400
2.550000 0.000000 0.000000 1.920000 0.000000 8.898000 9.450000 0.070000 0.102200
2.149000 0.538000 1.219000 1.556000 0.096000 10.143000 7.806000 0.280000 0.522000
2.126000 0.000000 1.004000 1.594000 0.104000 10.038000 9.038000 0.560000 0.444000
4.460000 0.240000 0.790000 1.620000 0.116000 9.670000 7.120000 0.070000 0.520100
1.588000 2.382000 0.000000 1.857000 0.000000 10.406000 7.343000 0.070000 0.096200
2.520000 0.970000 0.760000 1.940000 0.080000 8.350000 8.210000 0.280000 0.334000
2.381000 0.000000 0.941000 1.867000 0.070000 9.499000 8.470000 0.560000 0.395900
3.850000 0.000000 0.000000 1.860000 0.000000 9.660000 7.630000 0.010000 0.062700
2.491000 0.000000 0.988000 1.581000 0.128000 9.878000 8.890000 0.030000 0.153600
2.500000 0.000000 0.957000 1.874000 0.055000 9.569000 8.612000 0.140000 0.249200
2.502000 1.668000 0.000000 2.035000 0.000000 9.776000 6.941000 0.030000 0.097300
3.626000 1.890000 0.000000 1.649000 0.116000 9.447000 7.558000 0.070000 0.559000
2.960000 0.000000 1.067000 2.214000 0.105000 8.192000 7.784000 0.280000 0.314200
2.958000 0.000000 0.000000 1.857000 0.000000 10.914000 7.693000 0.070000 0.148400
4.460000 0.240000 0.790000 1.620000 0.116000 9.670000 7.120000 0.030000 0.233500
2.500000 0.000000 0.957000 1.918000 0.053000 9.489000 8.572000 0.030000 0.084900
1.661000 0.000000 1.633000 1.765000 0.045000 10.586000 7.801000 1.000000 0.335400
3.020000 0.000000 0.000000 2.030000 0.000000 9.740000 8.170000 0.280000 0.217500
4.250000 1.063000 0.000000 1.535000 0.165000 8.521000 8.871000 0.280000 0.602900
4.250000 1.063000 0.000000 1.514000 0.186000 9.360000 8.037000 0.030000 0.363000
2.750000 1.800000 1.200000 1.620000 0.104000 8.300000 7.650000 0.280000 0.762400
2.960000 0.000000 0.000000 1.860000 0.000000 10.900000 7.690000 0.070000 0.189100
2.149000 0.538000 1.219000 1.556000 0.096000 10.143000 7.806000 0.560000 0.539600
1.724000 0.136000 1.724000 1.568000 0.041000 10.063000 8.564000 0.030000 0.212900
2.380000 0.000000 0.000000 1.850000 0.000000 11.180000 7.890000 0.280000 0.175400
1.550000 0.000000 1.430000 1.930000 0.090000 8.770000 8.680000 0.280000 0.097400
1.903000 0.000000 1.252000 1.619000 0.099000 10.881000 8.026000 0.280000 0.284700
3.040000 0.760000 0.000000 2.280000 0.000000 9.320000 6.700000 3.650000 0.552600
2.375000 2.375000 0.000000 2.280000 0.000000 9.320000 5.940000 0.900000 0.331200
1.947000 0.000000 1.005000 1.656000 0.075000 10.064000 9.059000 1.000000 0.373400
1.935000 2.902000 0.000000 1.857000 0.000000 9.982000 7.043000 0.280000 0.326300
3.870000 0.200000 0.940000 1.570000 0.116000 9.380000 8.450000 0.560000 0.614600
5.220000 0.000000 0.000000 1.460000 0.000000 8.960000 8.960000 0.280000 0.749900
2.360000 0.000000 0.000000 1.930000 0.000000 9.680000 8.850000 1.800000 0.241000
2.500000 0.000000 0.000000 1.820000 0.000000 11.000000 8.200000 0.280000 0.208700
1.560000 1.780000 1.870000 2.210000 0.070000 8.540000 6.140000 0.280000 0.294100
1.814000 0.000000 1.670000 1.696000 0.076000 10.556000 7.778000 0.140000 0.216000
2.980000 0.000000 1.070000 1.640000 0.130000 9.530000 7.840000 0.280000 0.358600
2.138000 0.981000 0.245000 1.817000 0.067000 10.660000 7.855000 0.280000 0.402300
3.365000 0.000000 0.000000 1.819000 0.034000 9.858000 8.168000 0.280000 0.448700
2.770000 0.000000 0.000000 1.910000 0.000000 9.680000 8.560000 0.030000 0.113600
3.743000 0.000000 0.000000 1.902000 0.067000 10.132000 7.304000 0.280000 0.390600
2.020000 0.110000 1.410000 2.060000 0.017000 9.420000 8.010000 0.070000 0.150700
2.121000 0.000000 1.216000 1.803000 0.057000 10.576000 7.793000 0.140000 0.209200
3.390000 0.000000 0.000000 1.970000 0.000000 9.680000 7.810000 0.070000 0.209700
2.000000 2.000000 0.000000 1.900000 0.000000 11.450000 6.600000 0.280000 0.492500
1.780000 1.298000 1.186000 1.799000 0.036000 10.073000 7.468000 1.000000 0.499900
3.379000 1.890000 0.000000 1.749000 0.095000 9.447000 7.558000 0.070000 0.351000
3.800000 0.950000 0.000000 2.280000 0.000000 9.320000 5.940000 0.070000 0.328200
2.619000 1.105000 0.861000 1.954000 0.050000 8.952000 7.326000 0.280000 0.337200
3.899000 1.890000 0.000000 1.459000 0.220000 9.447000 7.558000 0.030000 0.406000
3.490000 0.000000 0.000000 1.920000 0.000000 10.470000 8.060000 0.030000 0.149900
1.160000 1.730000 0.000000 1.920000 0.000000 9.098000 8.919000 0.070000 0.100900
3.870000 0.200000 0.940000 1.570000 0.139000 9.380000 8.450000 0.560000 0.479700
1.689000 0.422000 1.243000 1.583000 0.108000 10.808000 7.962000 0.560000 0.391500
2.137000 0.000000 1.747000 1.548000 0.102000 10.535000 7.764000 0.030000 0.175700
1.986000 1.324000 0.000000 1.920000 0.000000 9.784000 8.255000 0.070000 0.146400
1.903000 0.000000 1.252000 1.666000 0.099000 10.790000 7.989000 0.280000 0.248500
3.899000 1.890000 0.000000 1.459000 0.220000 9.447000 7.558000 0.910000 0.826000
3.490000 0.000000 0.000000 1.920000 0.000000 10.560000 8.090000 0.070000 0.090100
3.133000 2.622000 0.000000 1.755000 0.086000 10.469000 6.118000 0.280000 0.598000
1.947000 0.000000 1.005000 1.656000 0.075000 10.064000 9.059000 0.560000 0.339600
2.370000 0.920000 0.710000 2.470000 0.060000 8.530000 6.950000 0.280000 0.286300
2.491000 0.000000 0.988000 1.581000 0.128000 9.878000 8.890000 0.140000 0.286800
2.020000 0.110000 1.410000 2.060000 0.017000 9.420000 8.010000 0.280000 0.219700
3.310000 0.000000 0.000000 1.920000 0.000000 9.780000 8.250000 0.070000 0.162600
4.240000 0.220000 1.320000 1.680000 0.089000 8.220000 7.500000 0.070000 0.402900
2.880000 1.210000 0.000000 1.770000 0.070000 9.080000 8.290000 0.280000 0.421300
2.904000 0.000000 0.962000 1.681000 0.094000 9.612000 8.650000 0.140000 0.346700
2.863000 2.009000 0.000000 1.447000 0.112000 10.046000 8.037000 0.910000 0.768000
2.514000 0.000000 1.183000 1.885000 0.064000 10.284000 7.577000 0.030000 0.131200
2.137000 0.000000 1.747000 1.548000 0.102000 10.535000 7.764000 0.280000 0.401500
3.130000 0.000000 0.000000 1.780000 0.080000 10.000000 8.220000 0.280000 0.251000
3.188000 2.125000 0.000000 1.557000 0.143000 8.521000 8.804000 0.280000 0.555000
2.751000 0.000000 1.214000 1.595000 0.099000 10.536000 7.775000 0.030000 0.238000
3.325000 1.425000 0.000000 2.280000 0.000000 9.320000 5.940000 0.070000 0.302800
2.870000 1.210000 0.940000 1.880000 0.090000 9.040000 6.960000 0.280000 0.419400
3.500000 0.000000 0.000000 2.030000 0.000000 9.740000 7.750000 0.070000 0.181300
3.310000 0.000000 0.000000 1.920000 0.000000 9.780000 8.250000 0.280000 0.314500
2.840000 1.200000 0.000000 1.680000 0.070000 9.700000 7.940000 0.280000 0.409300
2.980000 1.370000 1.070000 2.010000 0.060000 8.780000 6.550000 0.280000 0.535200
1.437000 1.702000 1.326000 1.916000 0.085000 8.141000 8.053000 0.280000 0.298700
1.460000 1.730000 0.000000 1.820000 0.030000 9.860000 8.170000 0.280000 0.237400
1.900000 1.900000 0.000000 2.280000 0.000000 9.320000 6.700000 0.900000 0.423300
3.325000 1.425000 0.000000 2.280000 0.000000 9.320000 5.940000 0.900000 0.377200
1.226000 1.839000 0.000000 2.035000 0.000000 9.582000 8.001000 0.030000 0.033200
2.135000 0.000000 1.742000 1.546000 0.117000 10.523000 7.755000 1.000000 0.593000
4.275000 0.475000 0.000000 2.280000 0.000000 9.320000 5.940000 0.070000 0.350800
2.300000 0.000000 1.183000 1.955000 0.046000 10.294000 7.586000 0.030000 0.100300
2.514000 0.000000 1.183000 1.885000 0.058000 10.284000 7.577000 1.000000 0.435800
2.500000 0.000000 0.957000 1.874000 0.055000 9.569000 8.612000 0.560000 0.383300
5.313000 0.000000 0.000000 1.418000 0.282000 8.521000 8.937000 0.560000 0.588000
3.870000 0.200000 0.940000 1.570000 0.116000 9.380000 8.450000 0.280000 0.466800
1.661000 0.000000 1.633000 1.765000 0.045000 10.586000 7.801000 0.140000 0.254800
1.650000 1.285000 1.321000 1.751000 0.081000 10.058000 7.466000 0.560000 0.537200
3.870000 0.200000 0.940000 1.570000 0.143000 9.380000 8.450000 0.030000 0.227500
2.880000 1.920000 0.000000 1.920000 0.000000 9.320000 7.178000 0.280000 0.388000
1.650000 1.285000 1.321000 1.751000 0.081000 10.058000 7.466000 0.280000 0.463900
2.772000 0.978000 0.245000 1.607000 0.112000 10.617000 7.825000 0.280000 0.631400
3.420000 0.380000 0.000000 2.280000 0.000000 9.320000 6.700000 3.650000 0.561400
2.138000 0.981000 0.245000 1.817000 0.067000 10.660000 7.855000 0.560000 0.471300
4.018000 0.947000 0.000000 1.474000 0.114000 9.468000 8.521000 0.910000 0.755000
2.550000 0.000000 0.000000 1.920000 0.000000 8.898000 9.450000 0.030000 0.082000
1.400000 1.330000 1.030000 2.000000 0.070000 9.160000 7.530000 0.280000 0.364400
2.137000 0.981000 0.245000 1.817000 0.069000 10.658000 7.854000 0.560000 0.507700
4.460000 0.240000 0.790000 1.620000 0.116000 9.670000 7.120000 0.070000 0.393000
2.525000 0.000000 0.000000 1.857000 0.000000 11.116000 7.843000 0.070000 0.114800
3.800000 0.000000 0.000000 2.280000 0.000000 9.320000 6.700000 2.700000 0.533000
3.930000 0.000000 0.000000 1.920000 0.000000 9.406000 7.856000 0.900000 0.488500
3.050000 0.000000 1.000000 1.960000 0.100000 9.590000 7.050000 0.280000 0.301200
3.188000 2.125000 0.000000 1.557000 0.143000 8.521000 8.804000 0.560000 0.661000
2.980000 0.000000 1.070000 1.860000 0.060000 8.790000 8.150000 0.280000 0.426400
4.690000 1.172000 0.000000 1.378000 0.322000 8.521000 8.405000 0.280000 0.669000
3.930000 0.000000 0.000000 1.920000 0.000000 9.400000 7.580000 0.030000 0.191100
3.590000 0.190000 1.410000 1.540000 0.109000 9.420000 8.010000 0.070000 0.386100
1.413000 2.120000 0.000000 2.035000 0.000000 9.718000 7.485000 0.900000 0.396600
1.396000 2.094000 0.000000 1.920000 0.000000 10.470000 8.069000 3.600000 0.447000
4.050000 0.000000 0.000000 1.750000 0.000000 11.200000 6.950000 0.280000 0.523000
1.548000 0.000000 1.428000 1.933000 0.091000 8.772000 8.677000 0.280000 0.097400
3.310000 0.000000 0.000000 1.920000 0.000000 8.790000 8.250000 0.030000 0.135200
3.310000 0.000000 0.000000 1.920000 0.000000 10.250000 8.210000 0.030000 0.143100
3.626000 1.890000 0.000000 1.649000 0.116000 9.447000 7.558000 0.560000 0.773000
2.904000 0.000000 0.962000 1.681000 0.094000 9.612000 8.650000 0.560000 0.450800
2.137000 0.981000 0.245000 1.817000 0.069000 10.658000 7.854000 0.030000 0.180000
3.127000 0.000000 0.000000 1.781000 0.080000 9.997000 8.222000 0.280000 0.251000
1.640000 1.630000 1.280000 1.970000 0.080000 9.610000 6.410000 0.280000 0.272300
3.750000 0.000000 0.000000 1.860000 0.000000 10.380000 7.580000 0.280000 0.382100
1.730000 1.160000 0.000000 1.920000 0.000000 9.468000 8.568000 0.070000 0.113900
2.770000 0.000000 0.000000 1.910000 0.000000 9.680000 8.560000 0.280000 0.259700
2.500000 0.000000 0.000000 1.820000 0.000000 11.000000 8.200000 0.070000 0.127300
1.689000 0.422000 1.243000 1.583000 0.108000 10.808000 7.962000 1.000000 0.481500
2.810000 0.000000 0.000000 1.860000 0.000000 11.040000 7.740000 0.280000 0.224400
3.800000 0.950000 0.000000 2.280000 0.000000 9.320000 5.940000 1.800000 0.407600
2.764000 1.160000 0.903000 1.796000 0.089000 8.701000 7.683000 0.280000 0.442800
1.548000 0.000000 1.428000 1.933000 0.091000 10.474000 6.967000 0.280000 0.124600
2.300000 0.000000 1.183000 1.955000 0.046000 10.294000 7.586000 0.280000 0.244800
2.770000 0.000000 0.000000 1.910000 0.000000 9.680000 8.560000 1.800000 0.323300
2.297000 0.000000 1.182000 1.952000 0.061000 10.281000 7.576000 0.140000 0.223200
1.724000 0.136000 1.724000 1.568000 0.041000 10.063000 8.564000 0.560000 0.358500
1.509000 0.000000 1.839000 1.666000 0.116000 9.912000 7.722000 0.280000 0.155700
2.138000 0.981000 0.245000 1.817000 0.067000 10.660000 7.855000 1.000000 0.499700
5.313000 0.000000 0.000000 1.418000 0.282000 8.521000 8.937000 0.070000 0.469000
3.070000 0.000000 0.000000 1.930000 0.000000 9.680000 8.120000 0.030000 0.125400
1.900000 1.900000 0.000000 2.280000 0.000000 9.320000 6.700000 0.280000 0.408600
4.750000 0.000000 0.000000 2.280000 0.000000 9.320000 5.940000 0.900000 0.422300
2.135000 0.000000 1.742000 1.592000 0.117000 10.436000 7.719000 0.140000 0.295900
1.670000 0.754000 1.670000 1.640000 0.079000 10.073000 7.701000 0.030000 0.155200
3.100000 0.000000 0.000000 1.920000 0.000000 9.700000 8.500000 1.800000 0.373300
3.237000 2.828000 0.000000 1.838000 0.103000 9.427000 6.599000 0.030000 0.283000
2.863000 2.009000 0.000000 1.447000 0.112000 10.046000 8.037000 0.030000 0.244000
1.689000 0.422000 1.243000 1.583000 0.108000 10.808000 7.962000 0.030000 0.074000
1.814000 0.000000 1.670000 1.696000 0.076000 10.556000 7.778000 0.560000 0.355700
3.970000 0.172000 1.580000 1.670000 0.208000 9.670000 6.330000 0.280000 0.556500
2.728000 1.051000 0.818000 2.097000 0.090000 9.040000 6.797000 0.280000 0.371700
2.514000 0.000000 1.183000 1.885000 0.058000 10.284000 7.577000 0.140000 0.299300
3.500000 0.000000 0.000000 1.860000 0.000000 10.500000 7.700000 0.070000 0.202800
4.390000 1.770000 0.000000 1.860000 0.111000 8.849000 7.079000 0.910000 0.733000
2.840000 1.197000 0.000000 1.683000 0.072000 9.704000 7.942000 0.280000 0.409300
1.481000 0.000000 1.821000 1.814000 0.150000 8.389000 8.843000 0.280000 0.155300
3.590000 0.190000 1.410000 1.540000 0.109000 9.420000 8.010000 0.070000 0.357500
2.120000 0.000000 1.248000 1.590000 0.078000 10.854000 7.995000 1.000000 0.478200
2.500000 0.000000 0.957000 1.918000 0.053000 9.489000 8.572000 0.280000 0.272200
3.130000 1.450000 0.000000 1.780000 0.080000 8.670000 8.240000 0.280000 0.443900
2.518000 0.000000 0.999000 1.461000 0.124000 10.060000 8.998000 0.560000 0.441400
3.325000 1.425000 0.000000 2.280000 0.000000 9.320000 5.940000 2.700000 0.402700
2.208000 1.472000 0.000000 1.857000 0.000000 10.550000 7.443000 0.280000 0.257500
3.225000 1.486000 0.000000 1.858000 0.085000 9.510000 7.095000 0.280000 0.524300
2.960000 0.000000 0.000000 1.920000 0.000000 10.850000 7.650000 0.900000 0.293900
1.620000 1.901000 1.481000 1.788000 0.188000 8.381000 7.414000 0.280000 0.337600
3.760000 0.000000 0.000000 2.146000 0.000000 10.035000 7.624000 0.140000 0.256200
4.460000 0.240000 0.790000 1.620000 0.116000 9.670000 7.120000 0.280000 0.570300
3.390000 0.000000 0.000000 1.970000 0.000000 9.680000 7.810000 1.800000 0.364500
3.379000 1.890000 0.000000 1.749000 0.095000 9.447000 7.558000 0.910000 0.678000
2.380000 0.000000 0.000000 1.860000 0.000000 11.190000 7.890000 0.280000 0.175400
3.100000 0.000000 0.000000 1.920000 0.000000 9.700000 8.500000 0.900000 0.346800
1.907000 0.000000 1.254000 1.621000 0.078000 10.900000 8.040000 0.280000 0.264000
2.318000 0.000000 1.216000 1.740000 0.067000 10.564000 7.785000 0.280000 0.337300
3.590000 0.190000 1.410000 1.540000 0.109000 9.420000 8.010000 0.030000 0.251200
4.850000 0.000000 0.000000 1.460000 0.000000 11.200000 8.000000 0.280000 0.719900
4.275000 0.475000 0.000000 2.280000 0.000000 9.320000 5.940000 1.800000 0.418400
1.730000 1.160000 0.000000 1.920000 0.000000 9.468000 8.568000 0.030000 0.069400
3.310000 0.000000 0.000000 1.920000 0.000000 9.780000 8.250000 0.900000 0.372300
2.660000 1.140000 0.000000 2.280000 0.000000 9.320000 6.700000 3.650000 0.529100
4.510000 0.000000 0.000000 1.650000 0.113000 10.300000 7.450000 0.280000 0.788000
2.662000 1.123000 0.875000 1.779000 0.104000 9.097000 7.445000 0.280000 0.394200
2.957000 0.000000 0.956000 1.715000 0.089000 9.551000 8.592000 0.280000 0.399400
2.540000 0.000000 0.000000 1.980000 0.000000 9.680000 8.630000 1.800000 0.276300
2.338000 0.000000 0.946000 1.979000 0.046000 9.470000 8.522000 0.140000 0.221400
3.626000 1.890000 0.000000 1.649000 0.116000 9.447000 7.558000 0.910000 0.793000
4.910000 0.260000 1.230000 2.010000 0.039000 8.220000 6.990000 0.030000 0.295500
2.978000 1.372000 1.069000 2.013000 0.060000 8.784000 6.553000 0.280000 0.535200
3.490000 0.000000 0.000000 1.920000 0.000000 10.560000 8.090000 0.030000 0.158700
1.430000 1.694000 1.427000 1.907000 0.084000 9.674000 6.435000 0.280000 0.297300
1.490000 1.176000 0.917000 1.829000 0.071000 9.534000 7.803000 0.280000 0.235200
1.920000 2.880000 0.000000 1.920000 0.000000 9.298000 7.161000 0.070000 0.214800
1.668000 2.502000 0.000000 2.035000 0.000000 9.756000 6.926000 0.070000 0.157500
1.947000 0.000000 1.005000 1.656000 0.075000 10.064000 9.059000 0.140000 0.249900
2.500000 0.000000 0.957000 1.918000 0.053000 9.489000 8.572000 0.560000 0.396400
5.280000 0.000000 0.000000 1.850000 0.069000 9.200000 7.200000 0.280000 0.568300
4.690000 1.172000 0.000000 1.378000 0.322000 8.521000 8.405000 0.560000 0.693000
3.626000 1.890000 0.000000 1.649000 0.116000 9.447000 7.558000 0.030000 0.353000
5.000000 0.000000 0.000000 2.000000 0.000000 11.250000 6.130000 0.010000 0.126400
1.907000 0.000000 1.254000 1.621000 0.078000 10.900000 8.040000 0.560000 0.353400
2.751000 0.000000 1.214000 1.595000 0.099000 10.536000 7.775000 0.280000 0.513300
2.960000 0.000000 0.000000 1.920000 0.000000 10.850000 7.650000 0.280000 0.216500
3.490000 0.000000 0.000000 1.920000 0.000000 10.560000 8.090000 1.200000 0.408600
2.491000 0.000000 0.988000 1.581000 0.128000 9.878000 8.890000 1.000000 0.510600
3.870000 0.200000 0.940000 1.570000 0.116000 9.380000 8.450000 0.070000 0.416700
2.840000 0.150000 1.410000 1.790000 0.055000 8.420000 8.010000 0.070000 0.241300
2.810000 0.000000 0.000000 1.850000 0.000000 11.040000 7.740000 0.280000 0.224400
1.470000 1.150000 0.890000 2.020000 0.090000 8.600000 8.290000 0.280000 0.199900
1.668000 2.502000 0.000000 2.035000 0.000000 9.756000 6.926000 0.030000 0.069000
2.360000 1.570000 0.000000 1.920000 0.000000 9.726000 7.491000 0.070000 0.204200
4.250000 1.063000 0.000000 1.535000 0.165000 8.521000 8.871000 0.280000 0.602900
1.735000 0.501000 1.735000 1.648000 0.065000 10.062000 7.935000 0.140000 0.330100
1.680000 0.421000 1.638000 1.218000 0.057000 10.587000 7.801000 0.140000 0.178200
1.670000 0.754000 1.670000 1.640000 0.079000 10.073000 7.701000 0.280000 0.414100
2.840000 0.150000 1.410000 1.790000 0.055000 8.420000 8.010000 0.560000 0.445200
2.520000 0.000000 0.000000 1.850000 0.000000 11.110000 7.840000 0.280000 0.196900
1.588000 2.382000 0.000000 1.857000 0.000000 10.406000 7.343000 0.280000 0.210700
3.237000 2.828000 0.000000 1.838000 0.103000 9.427000 6.599000 0.280000 0.747000
1.839000 1.226000 0.000000 2.035000 0.000000 9.592000 8.000000 0.070000 0.107900
3.330000 0.000000 0.000000 1.920000 0.000000 9.312000 8.426000 0.070000 0.234000
1.620000 2.140000 1.640000 2.020000 0.100000 8.200000 6.800000 0.280000 0.306500
1.530000 2.390000 0.000000 2.000000 0.060000 10.020000 6.840000 0.280000 0.268600
5.160000 0.000000 0.000000 1.620000 0.083000 8.010000 8.020000 0.280000 0.413700
1.920000 2.880000 0.000000 1.920000 0.000000 9.298000 7.161000 0.280000 0.393200
3.220000 0.000000 0.000000 2.030000 0.000000 9.740000 8.000000 0.280000 0.251800
1.590000 1.870000 0.000000 1.760000 0.110000 9.900000 7.890000 0.280000 0.327600
2.772000 0.978000 0.245000 1.607000 0.112000 10.617000 7.825000 1.000000 0.669500
1.530000 1.450000 0.000000 1.780000 0.080000 10.000000 8.220000 0.280000 0.190100
3.750000 0.938000 0.000000 1.266000 0.234000 8.521000 9.926000 0.280000 0.567000
2.957000 0.000000 0.956000 1.715000 0.089000 9.551000 8.592000 1.000000 0.520400
3.099000 1.428000 1.112000 1.678000 0.221000 9.139000 6.512000 0.280000 0.382200
1.570000 2.360000 0.000000 1.920000 0.000000 9.354000 7.812000 0.030000 0.096900
1.450000 0.000000 1.790000 2.020000 0.080000 8.240000 8.690000 0.280000 0.105400
3.140000 1.450000 1.130000 1.790000 0.080000 8.690000 6.900000 0.280000 0.462300
3.820000 0.000000 0.000000 1.860000 0.000000 10.470000 7.390000 0.070000 0.240000
5.313000 0.000000 0.000000 1.418000 0.282000 8.521000 8.937000 0.030000 0.413000
1.330000 2.000000 0.000000 1.920000 0.000000 9.274000 8.392000 0.280000 0.278700
4.275000 0.475000 0.000000 2.280000 0.000000 9.320000 5.940000 3.650000 0.437000
4.910000 0.260000 1.230000 2.100000 0.039000 8.820000 6.990000 0.280000 0.555500
1.527000 1.447000 0.000000 1.781000 0.080000 9.997000 8.222000 0.280000 0.190100
2.960000 0.000000 1.070000 2.210000 0.110000 8.190000 7.780000 0.280000 0.314200
2.120000 0.000000 1.248000 1.590000 0.078000 10.854000 7.995000 0.560000 0.450800
2.772000 0.978000 0.245000 1.607000 0.112000 10.617000 7.825000 0.140000 0.477100
1.780000 1.298000 1.186000 1.799000 0.036000 10.073000 7.468000 0.140000 0.342400
2.550000 0.000000 0.000000 1.920000 0.000000 8.898000 9.450000 0.280000 0.187500
4.018000 0.947000 0.000000 1.474000 0.114000 9.468000 8.521000 0.280000 0.685000
1.440000 0.000000 1.750000 1.580000 0.180000 9.430000 8.440000 0.280000 0.154200
5.000000 0.000000 0.000000 2.000000 0.000000 11.250000 6.130000 0.030000 0.260600
2.250000 0.000000 0.000000 1.810000 0.000000 11.130000 8.330000 0.280000 0.173400
2.514000 0.000000 1.183000 1.885000 0.058000 10.284000 7.577000 0.560000 0.369700
2.770000 0.000000 0.000000 1.910000 0.000000 9.680000 8.560000 0.140000 0.212600
4.250000 1.063000 0.000000 1.535000 0.165000 8.521000 8.871000 0.030000 0.334000
4.250000 1.063000 0.000000 1.535000 0.165000 8.521000 8.871000 0.910000 0.652000
2.120000 0.000000 1.248000 1.590000 0.078000 10.854000 7.995000 0.030000 0.195200
3.626000 1.890000 0.000000 1.649000 0.116000 9.447000 7.558000 0.070000 0.559000
2.189000 0.000000 1.241000 1.585000 0.113000 10.787000 7.949000 0.140000 0.260500
2.770000 1.168000 0.910000 1.906000 0.070000 9.465000 6.656000 0.280000 0.435800
2.728000 1.819000 0.000000 1.857000 0.000000 10.124000 7.143000 0.280000 0.313800
2.726000 0.000000 0.896000 1.987000 0.106000 9.313000 7.622000 0.280000 0.322500
2.972000 0.000000 1.175000 1.748000 0.095000 10.228000 7.535000 0.280000 0.474000
1.840000 0.860000 1.900000 2.130000 0.060000 9.230000 6.230000 0.280000 0.229300
1.900000 1.900000 0.000000 2.280000 0.000000 9.320000 6.700000 2.700000 0.506600
2.135000 0.000000 1.742000 1.546000 0.117000 10.523000 7.755000 0.140000 0.337000
2.520000 0.000000 0.000000 1.860000 0.000000 11.110000 7.840000 0.070000 0.114700
4.240000 0.220000 1.320000 1.780000 0.085000 8.220000 7.500000 0.070000 0.390000
2.609000 1.005000 0.783000 2.006000 0.086000 8.645000 7.615000 0.280000 0.324000
4.800000 0.000000 0.000000 1.920000 0.000000 9.362000 7.122000 0.030000 0.244000
1.556000 2.435000 0.000000 1.803000 0.107000 10.220000 6.977000 0.280000 0.373600
1.661000 0.000000 1.633000 1.765000 0.045000 10.586000 7.801000 0.280000 0.215400
1.586000 1.489000 1.160000 1.751000 0.150000 9.533000 7.197000 0.280000 0.276800
3.390000 0.000000 0.000000 1.970000 0.000000 9.680000 7.810000 0.280000 0.320400
4.250000 1.063000 0.000000 1.535000 0.165000 8.521000 8.871000 0.560000 0.643000
4.390000 1.770000 0.000000 1.860000 0.111000 8.849000 7.079000 0.070000 0.561000
1.660000 2.597000 0.000000 1.832000 0.127000 8.588000 8.268000 0.280000 0.379200
4.000000 0.000000 0.000000 1.870000 0.000000 10.250000 7.450000 0.280000 0.437000
3.760000 0.000000 0.000000 2.146000 0.000000 10.035000 7.624000 0.560000 0.363000
1.862000 1.241000 0.000000 1.857000 0.000000 10.834000 7.643000 0.070000 0.080000
2.500000 0.000000 0.957000 1.918000 0.053000 9.489000 8.572000 0.140000 0.246600
5.200000 0.000000 0.000000 1.700000 0.052000 8.550000 8.550000 0.280000 0.602800
2.760000 1.160000 0.900000 1.800000 0.090000 8.700000 7.680000 0.280000 0.442800
2.360000 0.000000 0.000000 1.940000 0.000000 9.680000 8.850000 0.030000 0.064700
3.626000 1.890000 0.000000 1.649000 0.116000 9.447000 7.558000 0.280000 0.713000
1.738000 0.934000 1.599000 1.723000 0.097000 10.072000 7.466000 1.000000 0.509400
4.460000 0.240000 0.790000 1.620000 0.116000 9.670000 7.120000 0.070000 0.380200
3.550000 0.190000 0.970000 1.450000 0.123000 9.670000 8.710000 0.280000 0.554500
2.375000 2.375000 0.000000 2.280000 0.000000 9.320000 5.940000 3.650000 0.390000
5.250000 0.000000 0.000000 1.890000 0.000000 11.250000 6.130000 0.280000 0.559400
3.590000 0.190000 1.410000 1.540000 0.109000 9.420000 8.010000 0.560000 0.667800
1.680000 0.421000 1.638000 1.218000 0.057000 10.587000 7.801000 0.560000 0.328500
1.947000 0.000000 1.005000 1.702000 0.075000 9.980000 9.018000 0.140000 0.242800
3.760000 0.000000 0.000000 2.146000 0.000000 10.035000 7.624000 0.030000 0.162800
5.000000 0.000000 0.000000 2.000000 0.000000 11.250000 6.130000 0.140000 0.369400
3.795000 1.512000 0.000000 1.539000 0.159000 11.343000 6.050000 0.560000 0.549000
2.338000 0.000000 0.946000 1.979000 0.046000 9.470000 8.522000 0.560000 0.276600
4.360000 0.000000 0.000000 2.180000 0.000000 8.384000 7.197000 0.280000 0.238500
3.886000 0.971000 0.000000 1.579000 0.121000 8.521000 9.257000 0.030000 0.281000
1.735000 0.501000 1.735000 1.648000 0.065000 10.062000 7.935000 1.000000 0.560600
2.000000 0.000000 0.000000 1.800000 0.000000 11.250000 8.450000 0.070000 0.078400
3.100000 1.430000 1.110000 1.680000 0.220000 9.140000 6.510000 0.280000 0.336900
2.890000 0.000000 0.000000 1.920000 0.000000 9.132000 8.953000 0.030000 0.116500
1.590000 1.490000 1.160000 1.750000 0.150000 9.530000 7.200000 0.280000 0.276800
4.750000 1.188000 0.000000 1.811000 0.089000 8.521000 7.815000 0.280000 0.683000
3.130000 1.610000 0.000000 1.780000 0.100000 9.170000 7.590000 0.280000 0.524400
2.500000 1.800000 0.950000 1.590000 0.095000 8.600000 8.000000 0.280000 0.678700
5.250000 0.000000 0.000000 1.890000 0.000000 11.250000 6.130000 1.800000 0.619200
2.950000 0.000000 0.000000 1.850000 0.000000 10.690000 7.690000 0.280000 0.251800
2.120000 1.413000 0.000000 2.035000 0.000000 9.734000 7.500000 0.280000 0.330000
1.670000 0.754000 1.670000 1.640000 0.079000 10.073000 7.701000 1.000000 0.568100
1.689000 0.422000 1.243000 1.583000 0.108000 10.808000 7.962000 0.280000 0.311200
4.800000 0.000000 0.000000 1.920000 0.000000 9.360000 7.210000 0.030000 0.243900
5.250000 0.000000 0.000000 1.890000 0.000000 11.250000 6.130000 0.140000 0.484000
3.100000 0.000000 0.000000 1.920000 0.000000 9.700000 8.500000 3.600000 0.381100
2.137000 0.000000 1.747000 1.548000 0.102000 10.535000 7.764000 0.560000 0.466400
4.800000 0.000000 0.000000 1.920000 0.000000 9.362000 7.122000 0.070000 0.345700
1.548000 1.834000 0.000000 1.933000 0.091000 10.474000 6.967000 0.280000 0.182900
2.540000 0.000000 0.000000 1.980000 0.000000 9.680000 8.630000 0.030000 0.093100
4.750000 1.188000 0.000000 1.811000 0.089000 8.521000 7.815000 0.070000 0.556000
1.430000 1.690000 1.430000 1.910000 0.080000 9.670000 6.430000 0.280000 0.297200
3.626000 1.890000 0.000000 1.649000 0.116000 9.447000 7.558000 0.910000 0.793000
2.126000 0.000000 1.004000 1.594000 0.104000 10.038000 9.038000 0.030000 0.133300
1.460000 2.300000 0.000000 2.020000 0.030000 8.270000 8.720000 0.280000 0.330600
2.518000 0.000000 0.999000 1.461000 0.124000 10.060000 8.998000 0.140000 0.333600
1.570000 2.360000 0.000000 1.920000 0.000000 9.354000 7.812000 0.070000 0.168900
2.224000 0.000000 0.967000 1.893000 0.045000 9.671000 8.703000 0.140000 0.244500
3.100000 1.430000 0.000000 1.680000 0.100000 9.140000 8.040000 0.280000 0.453000
3.590000 0.190000 1.410000 1.540000 0.109000 9.420000 8.010000 0.560000 0.687500
3.390000 0.000000 0.000000 1.970000 0.000000 9.680000 7.810000 0.900000 0.351700
2.523000 0.000000 0.988000 1.463000 0.142000 9.878000 8.890000 1.000000 0.609500
3.490000 0.000000 0.000000 1.920000 0.000000 10.560000 8.090000 0.900000 0.406600
2.149000 0.538000 1.219000 1.556000 0.096000 10.143000 7.806000 0.140000 0.386000
3.970000 0.000000 0.000000 1.860000 0.000000 10.400000 7.340000 0.280000 0.369400
2.381000 0.000000 0.941000 1.867000 0.070000 9.499000 8.470000 0.280000 0.302300
2.555000 1.703000 0.000000 1.857000 0.000000 10.266000 7.243000 0.280000 0.320500
1.903000 0.000000 1.252000 1.666000 0.099000 10.790000 7.989000 0.030000 0.125500
2.396000 3.594000 0.000000 1.857000 0.000000 9.416000 6.643000 0.070000 0.254200
2.730000 1.050000 0.820000 2.100000 0.090000 9.040000 6.800000 0.280000 0.371700
3.795000 1.512000 0.000000 1.539000 0.159000 11.343000 6.050000 0.280000 0.522000
1.397000 1.639000 1.277000 2.367000 0.058000 8.686000 6.556000 0.280000 0.352300
3.220000 0.000000 1.160000 1.960000 0.100000 8.180000 8.130000 0.280000 0.311800
1.500000 2.370000 0.000000 1.740000 0.120000 10.690000 6.750000 0.280000 0.374300
1.580000 0.000000 1.950000 2.200000 0.110000 8.980000 7.130000 0.280000 0.085400
2.182000 0.546000 1.238000 1.408000 0.119000 10.757000 7.927000 0.280000 0.555100
3.626000 1.890000 0.000000 1.649000 0.116000 9.447000 7.558000 0.280000 0.713000
3.130000 0.000000 1.130000 1.780000 0.080000 10.020000 6.890000 0.280000 0.368000
1.735000 0.501000 1.735000 1.648000 0.065000 10.062000 7.935000 0.560000 0.537700
5.400000 0.000000 0.000000 1.730000 0.000000 11.250000 6.130000 0.030000 0.416400
3.500000 0.000000 0.000000 1.860000 0.000000 10.500000 7.700000 0.280000 0.342900
1.703000 1.555000 0.000000 1.857000 0.000000 10.266000 7.243000 0.070000 0.107300
1.490000 2.360000 0.000000 1.760000 0.130000 8.470000 8.930000 0.280000 0.329600
3.660000 1.870000 0.000000 1.913000 0.066000 8.243000 7.569000 0.280000 0.659100
2.360000 0.000000 0.000000 1.940000 0.000000 9.680000 8.850000 0.280000 0.184200
2.514000 0.000000 1.183000 1.929000 0.058000 10.436000 7.543000 0.280000 0.332700
2.360000 1.570000 0.000000 1.920000 0.000000 9.726000 7.491000 0.900000 0.477800
2.297000 0.000000 1.182000 1.952000 0.061000 10.281000 7.576000 0.280000 0.245400
3.040000 0.760000 0.000000 2.280000 0.000000 9.320000 6.700000 0.280000 0.478100
1.650000 0.000000 1.436000 1.638000 0.000000 10.056000 9.009000 0.560000 0.365600
5.000000 0.000000 0.000000 2.000000 0.000000 11.250000 6.130000 0.900000 0.472200
3.626000 1.890000 0.000000 1.649000 0.116000 9.447000 7.558000 0.280000 0.713000
1.570000 2.140000 1.520000 2.000000 0.090000 8.190000 7.040000 0.280000 0.330500
4.250000 1.063000 0.000000 1.535000 0.165000 8.521000 8.871000 0.560000 0.643000
2.902000 1.935000 0.000000 1.857000 0.000000 9.982000 7.043000 0.280000 0.330400
1.814000 0.000000 1.670000 1.696000 0.076000 10.556000 7.778000 0.280000 0.277700
2.890000 0.000000 0.000000 1.920000 0.000000 9.132000 8.953000 0.070000 0.146000
1.440000 1.700000 1.330000 1.920000 0.080000 8.140000 8.050000 0.280000 0.298700
3.237000 2.828000 0.000000 1.838000 0.103000 9.427000 6.599000 0.560000 0.802000
4.390000 1.770000 0.000000 1.860000 0.111000 8.849000 7.079000 0.560000 0.717000
2.318000 0.000000 1.216000 1.740000 0.067000 10.564000 7.785000 0.140000 0.267700
3.626000 1.890000 0.000000 1.649000 0.116000 9.447000 7.558000 0.070000 0.229000
3.310000 0.000000 0.000000 1.920000 0.000000 10.250000 8.210000 0.070000 0.174400
2.518000 0.000000 0.999000 1.461000 0.124000 10.060000 8.998000 0.280000 0.339400
4.250000 1.063000 0.000000 1.514000 0.186000 9.360000 8.037000 0.070000 0.468000
3.220000 1.490000 0.000000 1.860000 0.080000 9.510000 7.090000 0.280000 0.524200
3.500000 0.000000 0.000000 2.030000 0.000000 9.740000 7.750000 0.900000 0.313500
2.957000 0.000000 0.956000 1.715000 0.089000 9.551000 8.592000 0.030000 0.229500
1.947000 0.000000 1.005000 1.702000 0.075000 9.980000 9.018000 0.280000 0.372700
2.980000 0.000000 1.070000 2.100000 0.110000 8.800000 7.440000 0.280000 0.318700
2.126000 0.000000 1.004000 1.594000 0.104000 10.038000 9.038000 0.140000 0.253700
4.250000 1.063000 0.000000 1.514000 0.186000 9.360000 8.037000 0.280000 0.618000
1.680000 0.421000 1.638000 1.218000 0.057000 10.587000 7.801000 0.030000 0.077500
3.850000 0.000000 0.000000 1.860000 0.000000 9.660000 7.630000 0.030000 0.147000
1.689000 0.422000 1.243000 1.583000 0.108000 10.808000 7.962000 0.140000 0.235100
2.751000 0.000000 1.214000 1.595000 0.099000 10.536000 7.775000 0.560000 0.568500
3.800000 0.950000 0.000000 2.280000 0.000000 9.320000 5.940000 0.280000 0.364500
2.518000 0.000000 0.999000 1.461000 0.124000 10.060000 8.998000 1.000000 0.453700
2.224000 0.000000 0.967000 1.893000 0.045000 9.671000 8.703000 0.030000 0.115800
2.468000 0.000000 1.251000 1.433000 0.120000 10.868000 8.009000 0.030000 0.235200
1.490000 1.390000 1.090000 1.930000 0.060000 8.920000 7.800000 0.280000 0.236900
2.502000 1.668000 0.000000 2.035000 0.000000 9.776000 6.941000 0.280000 0.369600
3.490000 0.000000 0.000000 1.920000 0.000000 10.470000 8.060000 0.070000 0.181300
1.396000 2.094000 0.000000 1.920000 0.000000 10.470000 8.069000 1.800000 0.442100
1.920000 2.880000 0.000000 1.920000 0.000000 9.298000 7.161000 0.900000 0.507300
3.053000 2.035000 0.000000 2.035000 0.000000 9.654000 6.310000 0.900000 0.546000
3.899000 1.890000 0.000000 1.459000 0.220000 9.447000 7.558000 0.560000 0.794000
3.250000 0.000000 0.000000 1.840000 0.000000 10.630000 7.830000 0.280000 0.305700
2.360000 1.570000 0.000000 1.920000 0.000000 9.726000 7.491000 0.030000 0.135700
2.120000 1.413000 0.000000 2.035000 0.000000 9.734000 7.500000 0.030000 0.068100
2.514000 0.000000 1.183000 1.929000 0.058000 10.436000 7.543000 0.560000 0.392700
1.500000 2.368000 0.000000 1.738000 0.119000 10.693000 6.748000 0.280000 0.374300
3.820000 0.000000 0.000000 1.860000 0.000000 11.110000 7.840000 0.070000 0.114700
2.189000 0.000000 1.241000 1.585000 0.113000 10.787000 7.949000 0.030000 0.153400
2.468000 0.000000 1.251000 1.433000 0.120000 10.868000 8.009000 0.140000 0.422200
2.120000 0.000000 1.248000 1.590000 0.078000 10.854000 7.995000 0.280000 0.385000
2.149000 0.538000 1.219000 1.556000 0.096000 10.143000 7.806000 0.030000 0.180200
2.375000 2.375000 0.000000 2.280000 0.000000 9.320000 5.940000 0.070000 0.262600
1.396000 2.094000 0.000000 1.920000 0.000000 10.470000 8.069000 0.070000 0.145900
1.839000 1.226000 0.000000 2.035000 0.000000 9.592000 8.000000 0.280000 0.240500
2.280000 3.421000 0.000000 1.857000 0.000000 9.558000 6.743000 0.280000 0.397000
1.550000 1.830000 0.000000 1.930000 0.090000 8.770000 8.680000 0.280000 0.237900
1.620000 2.070000 1.720000 2.160000 0.100000 8.220000 6.380000 0.280000 0.398400
3.100000 0.000000 0.000000 1.920000 0.000000 10.120000 8.300000 0.280000 0.278300
2.751000 0.000000 1.214000 1.595000 0.099000 10.536000 7.775000 1.000000 0.586100
3.500000 0.000000 0.000000 2.030000 0.000000 9.740000 7.750000 0.280000 0.273400
2.035000 1.357000 0.000000 1.857000 0.000000 10.762000 7.593000 0.280000 0.226300
3.740000 1.892000 0.000000 1.701000 0.101000 9.261000 7.567000 0.910000 0.649000
2.297000 0.000000 1.182000 1.952000 0.061000 10.281000 7.576000 1.000000 0.408600
1.530000 1.020000 0.000000 1.920000 0.000000 8.880000 9.431000 0.070000 0.083700
3.325000 1.425000 0.000000 2.280000 0.000000 9.320000 5.940000 3.650000 0.410500
2.514000 0.000000 1.183000 1.885000 0.064000 10.284000 7.577000 0.140000 0.244300
2.000000 1.330000 0.000000 1.920000 0.000000 9.654000 8.062000 0.070000 0.171700
3.100000 0.000000 0.000000 1.920000 0.000000 9.700000 8.500000 0.280000 0.279200
1.396000 2.094000 0.000000 1.920000 0.000000 10.470000 8.069000 0.900000 0.393600
1.357000 2.035000 0.000000 1.857000 0.000000 10.762000 7.593000 0.280000 0.182000
3.379000 1.890000 0.000000 1.749000 0.095000 9.447000 7.558000 0.280000 0.499000
1.420000 1.670000 1.300000 1.740000 0.110000 8.830000 7.850000 0.280000 0.446100
2.880000 1.920000 0.000000 1.920000 0.000000 9.320000 7.178000 0.070000 0.235200
2.340000 1.560000 0.000000 1.890000 0.059000 9.810000 7.600000 0.280000 0.393000
2.137000 0.981000 0.245000 1.817000 0.069000 10.658000 7.854000 1.000000 0.539000
3.626000 1.890000 0.000000 1.649000 0.116000 9.447000 7.558000 0.030000 0.353000
2.798000 1.289000 1.004000 1.724000 0.095000 8.251000 8.049000 0.280000 0.528300
1.550000 1.830000 0.000000 1.930000 0.090000 10.470000 6.970000 0.280000 0.182800
2.250000 0.000000 0.000000 1.810000 0.000000 11.130000 8.330000 0.070000 0.111700
1.814000 0.000000 1.670000 1.696000 0.076000 10.556000 7.778000 0.030000 0.136200
3.800000 0.950000 0.000000 2.280000 0.000000 9.320000 5.940000 3.650000 0.437000
1.650000 1.285000 1.321000 1.751000 0.081000 10.058000 7.466000 1.000000 0.550200
1.820000 0.452000 1.220000 1.702000 0.082000 10.594000 7.807000 0.140000 0.215000
1.900000 1.900000 0.000000 2.280000 0.000000 9.320000 6.700000 3.650000 0.536900
1.661000 0.000000 1.633000 1.765000 0.045000 10.586000 7.801000 0.030000 0.107600
1.400000 1.640000 1.280000 2.370000 0.060000 8.690000 6.560000 0.280000 0.352300
1.903000 0.000000 1.252000 1.666000 0.099000 10.790000 7.989000 0.140000 0.194200
2.972000 0.000000 1.175000 1.748000 0.095000 10.228000 7.535000 0.140000 0.369900
3.626000 1.890000 0.000000 1.649000 0.116000 9.447000 7.558000 0.560000 0.773000
1.490000 1.530000 1.940000 1.920000 0.080000 9.350000 6.230000 0.280000 0.245800
3.360000 0.000000 0.000000 1.820000 0.030000 9.860000 8.170000 0.280000 0.448600
1.600000 1.880000 1.460000 2.030000 0.110000 8.290000 7.100000 0.280000 0.328400
1.020000 1.530000 0.000000 1.920000 0.000000 8.870000 9.420000 0.070000 0.076800
5.160000 0.000000 0.000000 1.620000 0.082000 8.010000 8.020000 0.280000 0.413700
3.392000 0.000000 0.000000 1.857000 0.000000 10.692000 7.543000 0.280000 0.319000
2.121000 0.000000 1.216000 1.803000 0.057000 10.576000 7.793000 1.000000 0.396100
2.125000 0.000000 1.004000 1.593000 0.087000 10.078000 9.036000 0.030000 0.135400
2.540000 0.000000 0.000000 1.980000 0.000000 9.680000 8.630000 3.650000 0.297900
1.986000 1.324000 0.000000 1.920000 0.000000 9.784000 8.255000 0.280000 0.280200
5.000000 0.000000 0.000000 2.000000 0.000000 11.250000 6.130000 1.800000 0.510400
4.750000 0.000000 0.000000 2.280000 0.000000 9.320000 5.940000 1.800000 0.426200
1.350000 0.000000 1.660000 1.800000 0.100000 9.610000 8.050000 0.280000 0.132900
3.886000 0.971000 0.000000 1.579000 0.121000 8.521000 9.257000 0.560000 0.552000
3.000000 0.000000 1.200000 2.120000 0.100000 8.780000 7.280000 0.280000 0.238400
2.280000 3.421000 0.000000 1.857000 0.000000 9.558000 6.743000 0.070000 0.219200
2.660000 1.140000 0.000000 2.280000 0.000000 9.320000 6.700000 0.900000 0.470300
2.468000 0.000000 1.251000 1.433000 0.120000 10.868000 8.009000 0.280000 0.525000
1.674000 1.299000 1.286000 1.755000 0.078000 10.063000 7.466000 0.140000 0.318100
5.000000 0.000000 0.000000 2.000000 0.000000 11.250000 6.130000 2.700000 0.551600
3.814000 0.000000 0.000000 1.857000 0.000000 11.046000 7.843000 0.280000 0.224900
3.250000 0.000000 0.000000 1.840000 0.000000 10.630000 7.830000 0.070000 0.175400
4.250000 1.063000 0.000000 1.535000 0.165000 8.521000 8.871000 0.280000 0.602900
1.020000 1.530000 0.000000 1.920000 0.000000 8.870000 9.420000 0.280000 0.172800
2.189000 0.000000 1.241000 1.585000 0.113000 10.787000 7.949000 1.000000 0.462300
3.188000 2.125000 0.000000 1.557000 0.143000 8.521000 8.804000 0.070000 0.334000
2.381000 0.000000 0.000000 1.857000 0.000000 11.188000 7.893000 0.280000 0.175800
4.750000 1.188000 0.000000 1.811000 0.089000 8.521000 7.815000 0.560000 0.723000
2.360000 1.570000 0.000000 1.920000 0.000000 9.726000 7.491000 0.280000 0.328800
3.970000 0.000000 0.000000 1.850000 0.000000 10.400000 7.340000 0.280000 0.390900
1.935000 2.902000 0.000000 1.857000 0.000000 9.982000 7.043000 0.070000 0.172000
1.735000 0.501000 1.735000 1.648000 0.065000 10.062000 7.935000 0.280000 0.382000
3.310000 0.000000 0.000000 1.920000 0.000000 9.780000 8.250000 3.600000 0.412400
1.396000 2.094000 0.000000 1.920000 0.000000 10.470000 8.069000 0.280000 0.282400
3.590000 0.190000 1.410000 1.540000 0.109000 9.420000 8.010000 0.280000 0.629400
3.020000 0.000000 0.000000 2.030000 0.000000 9.740000 8.170000 0.140000 0.181300
4.690000 1.172000 0.000000 1.378000 0.322000 8.521000 8.405000 0.910000 0.707000
2.338000 0.000000 0.946000 1.979000 0.046000 9.470000 8.522000 1.000000 0.345600
3.129000 1.605000 0.000000 1.776000 0.096000 9.166000 7.595000 0.280000 0.524500
3.420000 0.380000 0.000000 2.280000 0.000000 9.320000 6.700000 1.800000 0.521200
3.870000 0.200000 0.940000 1.570000 0.139000 9.380000 8.450000 0.280000 0.466800
2.318000 0.000000 1.216000 1.740000 0.067000 10.564000 7.785000 0.030000 0.154400
1.668000 2.502000 0.000000 2.035000 0.000000 9.756000 6.926000 0.900000 0.435700
1.490000 1.180000 0.920000 1.830000 0.070000 9.530000 7.800000 0.280000 0.235200
2.125000 0.000000 1.004000 1.593000 0.087000 10.078000 9.036000 0.560000 0.425500
3.930000 0.000000 0.000000 1.920000 0.000000 9.406000 7.856000 0.280000 0.396000
4.460000 0.240000 0.790000 1.620000 0.116000 9.670000 7.120000 0.030000 0.250200
1.920000 2.880000 0.000000 1.920000 0.000000 9.298000 7.161000 0.030000 0.127900
2.500000 0.000000 0.957000 1.918000 0.053000 9.489000 8.572000 1.000000 0.411600
1.598000 2.500000 0.000000 1.684000 0.122000 10.493000 6.882000 0.280000 0.394600
1.419000 1.666000 1.297000 1.735000 0.109000 8.826000 7.853000 0.280000 0.446100
3.750000 0.938000 0.000000 1.266000 0.234000 8.521000 9.926000 0.910000 0.625000
4.250000 1.063000 0.000000 1.514000 0.186000 9.360000 8.037000 0.560000 0.649000
2.360000 0.000000 0.000000 1.940000 0.000000 9.680000 8.850000 0.140000 0.128400
3.133000 2.622000 0.000000 1.755000 0.086000 10.469000 6.118000 0.070000 0.428000
2.020000 0.110000 1.410000 2.060000 0.017000 9.420000 8.010000 0.030000 0.098500
3.930000 0.000000 0.000000 1.920000 0.000000 9.400000 7.580000 0.280000 0.395800
3.390000 0.000000 0.000000 1.970000 0.000000 9.680000 7.810000 0.140000 0.270400
3.626000 1.890000 0.000000 1.649000 0.116000 9.447000 7.558000 0.910000 0.793000
1.900000 1.900000 0.000000 2.280000 0.000000 9.320000 6.700000 1.800000 0.469300
5.250000 0.000000 0.000000 1.890000 0.000000 11.250000 6.130000 2.700000 0.671100
5.313000 0.000000 0.000000 1.418000 0.282000 8.521000 8.937000 0.280000 0.564000
3.800000 0.000000 0.000000 2.280000 0.000000 9.320000 6.700000 0.900000 0.529100
3.850000 0.000000 0.000000 1.860000 0.000000 9.660000 7.630000 0.280000 0.313500
3.133000 0.000000 1.130000 1.785000 0.080000 10.019000 6.887000 0.280000 0.368000
1.357000 2.035000 0.000000 1.857000 0.000000 10.762000 7.593000 0.070000 0.075100
2.800000 1.290000 1.000000 1.720000 0.090000 8.250000 8.050000 0.280000 0.528200
2.550000 0.990000 0.770000 1.890000 0.060000 9.190000 7.490000 0.280000 0.338000
2.135000 0.000000 1.742000 1.592000 0.117000 10.436000 7.719000 0.030000 0.156100
4.018000 0.947000 0.000000 1.474000 0.114000 9.468000 8.521000 0.560000 0.737000
5.000000 0.000000 0.000000 1.510000 0.090000 10.330000 6.550000 0.280000 0.698400
4.275000 0.475000 0.000000 2.280000 0.000000 9.320000 5.940000 0.900000 0.415400
4.250000 1.063000 0.000000 1.535000 0.165000 8.521000 8.871000 0.030000 0.334000
1.440000 0.150000 1.950000 1.760000 0.060000 10.210000 7.090000 0.280000 0.153400
2.553000 0.988000 0.770000 1.886000 0.065000 9.190000 7.493000 0.280000 0.338000
3.305000 1.696000 0.000000 1.949000 0.081000 8.110000 8.023000 0.280000 0.566200
3.626000 1.890000 0.000000 1.649000 0.116000 9.447000 7.558000 0.560000 0.773000
1.160000 1.730000 0.000000 1.920000 0.000000 9.098000 8.919000 0.030000 0.062800
2.972000 0.000000 1.175000 1.748000 0.095000 10.228000 7.535000 1.000000 0.567400
3.330000 0.000000 0.000000 1.920000 0.000000 9.312000 8.426000 0.280000 0.319700
1.548000 1.834000 0.000000 1.933000 0.091000 8.772000 8.677000 0.280000 0.237900
1.413000 2.120000 0.000000 2.035000 0.000000 9.718000 7.485000 0.280000 0.298900
2.382000 1.588000 0.000000 1.857000 0.000000 10.406000 7.343000 0.280000 0.269100
2.138000 0.981000 0.245000 1.817000 0.067000 10.660000 7.855000 0.140000 0.178400
1.083000 1.624000 0.000000 2.035000 0.000000 9.382000 8.490000 0.030000 0.023300
4.460000 0.240000 0.790000 1.620000 0.116000 9.670000 7.120000 0.560000 0.610700
2.523000 0.000000 0.988000 1.463000 0.142000 9.878000 8.890000 0.030000 0.217800
1.510000 0.000000 1.840000 1.670000 0.120000 9.910000 7.720000 0.280000 0.155700
1.083000 1.624000 0.000000 2.035000 0.000000 9.382000 8.490000 0.070000 0.077200
4.250000 1.063000 0.000000 1.514000 0.186000 9.360000 8.037000 0.910000 0.667000
4.390000 1.770000 0.000000 1.860000 0.111000 8.849000 7.079000 0.030000 0.393000
3.379000 1.890000 0.000000 1.749000 0.095000 9.447000 7.558000 0.560000 0.598900
2.540000 0.000000 0.000000 1.980000 0.000000 9.680000 8.630000 0.900000 0.269400
3.740000 1.892000 0.000000 1.701000 0.101000 9.261000 7.567000 0.070000 0.462000
1.320000 2.070000 1.610000 1.790000 0.050000 8.670000 7.360000 0.280000 0.333000
1.540000 1.440000 1.120000 2.200000 0.100000 9.230000 6.580000 0.280000 0.165000
4.250000 1.063000 0.000000 1.535000 0.165000 8.521000 8.871000 0.070000 0.492000
2.880000 1.920000 0.000000 1.920000 0.000000 9.320000 7.178000 0.030000 0.161100
2.521000 0.971000 0.756000 1.938000 0.083000 8.355000 8.214000 0.280000 0.334000
5.000000 0.000000 0.000000 1.400000 0.040000 9.660000 8.530000 0.280000 0.675700
5.250000 0.000000 0.000000 1.890000 0.000000 11.250000 6.130000 0.900000 0.587800
1.670000 1.870000 1.950000 1.850000 0.070000 8.980000 6.360000 0.280000 0.238900
2.751000 0.000000 1.214000 1.595000 0.099000 10.536000 7.775000 0.140000 0.387700
1.703000 1.555000 0.000000 1.857000 0.000000 10.266000 7.243000 0.280000 0.257300
3.040000 0.760000 0.000000 2.280000 0.000000 9.320000 6.700000 1.800000 0.509500
3.036000 1.399000 0.000000 2.135000 0.062000 8.955000 7.225000 0.280000 0.334200
2.518000 0.000000 0.999000 1.461000 0.124000 10.060000 8.998000 0.030000 0.210200
4.800000 0.000000 0.000000 1.920000 0.000000 9.360000 7.210000 0.900000 0.542800
3.500000 0.000000 0.000000 2.030000 0.000000 9.740000 7.750000 1.800000 0.327200
3.820000 0.000000 0.000000 1.850000 0.000000 10.470000 7.390000 0.280000 0.374200
2.960000 0.000000 0.000000 1.860000 0.000000 10.900000 7.690000 0.280000 0.251800
2.770000 0.000000 0.000000 1.910000 0.000000 9.680000 8.560000 3.600000 0.337000
1.819000 2.728000 0.000000 1.857000 0.000000 10.124000 7.143000 0.070000 0.123700
3.310000 0.000000 0.000000 1.920000 0.000000 10.250000 8.210000 1.200000 0.393800
2.137000 0.981000 0.245000 1.817000 0.069000 10.658000 7.854000 0.140000 0.303900
2.660000 1.140000 0.000000 2.280000 0.000000 9.320000 6.700000 2.700000 0.517300
3.490000 0.000000 0.000000 1.920000 0.000000 10.560000 8.090000 0.280000 0.336100
1.602000 1.880000 1.464000 2.032000 0.113000 8.287000 7.097000 0.280000 0.353100
1.480000 1.750000 0.000000 1.710000 0.020000 10.000000 8.280000 0.280000 0.269200
3.210000 0.000000 1.280000 1.820000 0.110000 8.700000 7.800000 0.280000 0.372600
3.850000 0.000000 0.000000 1.860000 0.000000 9.660000 7.630000 0.140000 0.279200
2.125000 0.000000 1.004000 1.593000 0.087000 10.078000 9.036000 0.280000 0.316400
3.130000 1.450000 0.000000 1.780000 0.080000 10.020000 6.890000 0.280000 0.410500
4.501000 0.500000 0.000000 2.000000 0.030000 11.244000 6.132000 0.280000 0.393800
2.523000 0.000000 0.988000 1.463000 0.142000 9.878000 8.890000 0.560000 0.558300
3.800000 0.000000 0.000000 2.280000 0.000000 9.320000 6.700000 3.650000 0.525200
3.626000 1.890000 0.000000 1.649000 0.116000 9.447000 7.558000 0.910000 0.793000
1.814000 0.000000 1.670000 1.696000 0.076000 10.556000 7.778000 1.000000 0.453700
2.904000 0.000000 0.962000 1.681000 0.094000 9.612000 8.650000 0.030000 0.225000
2.771000 0.000000 0.974000 1.606000 0.118000 9.739000 8.756000 0.280000 0.482800
4.240000 0.220000 1.320000 1.680000 0.089000 8.220000 7.500000 0.030000 0.321100
5.400000 0.000000 0.000000 1.730000 0.000000 11.250000 6.130000 0.070000 0.526100
1.396000 2.094000 0.000000 1.920000 0.000000 10.470000 8.069000 0.030000 0.080600
3.795000 1.512000 0.000000 1.539000 0.159000 11.343000 6.050000 0.030000 0.286000
5.250000 0.000000 0.000000 1.890000 0.000000 11.250000 6.130000 0.030000 0.338000
2.381000 0.000000 0.941000 1.867000 0.070000 9.499000 8.470000 1.000000 0.443000
2.138000 0.981000 0.245000 1.817000 0.067000 10.660000 7.855000 0.030000 0.131800
4.240000 0.220000 1.320000 1.780000 0.085000 8.220000 7.500000 0.280000 0.620500
3.626000 1.890000 0.000000 1.649000 0.116000 9.447000 7.558000 0.280000 0.713000
2.382000 1.588000 0.000000 1.857000 0.000000 10.406000 7.343000 0.070000 0.156900
4.690000 1.172000 0.000000 1.378000 0.322000 8.521000 8.405000 0.030000 0.402000
3.260000 1.660000 0.000000 1.740000 0.090000 8.820000 7.900000 0.280000 0.612300
1.600000 2.500000 0.000000 1.680000 0.120000 10.490000 6.880000 0.280000 0.394500
3.100000 0.000000 0.000000 1.920000 0.000000 10.120000 8.300000 0.070000 0.172400
2.182000 0.546000 1.238000 1.408000 0.119000 10.757000 7.927000 0.030000 0.274200
1.330000 2.000000 0.000000 1.920000 0.000000 9.274000 8.392000 0.070000 0.136600
3.070000 0.000000 0.000000 1.930000 0.000000 9.680000 8.120000 0.900000 0.329200
1.947000 0.000000 1.005000 1.702000 0.075000 9.980000 9.018000 0.560000 0.433900
2.135000 0.000000 1.742000 1.546000 0.117000 10.523000 7.755000 0.560000 0.514300
2.772000 0.978000 0.245000 1.607000 0.112000 10.617000 7.825000 0.560000 0.668200
1.531000 1.450000 1.130000 1.785000 0.080000 10.019000 6.887000 0.280000 0.255600
1.724000 0.136000 1.724000 1.568000 0.041000 10.063000 8.564000 0.280000 0.336900
1.530000 1.020000 0.000000 1.920000 0.000000 8.880000 9.431000 0.280000 0.179600
1.457000 1.726000 0.000000 1.819000 0.034000 9.858000 8.168000 0.280000 0.237400
1.820000 0.452000 1.220000 1.702000 0.082000 10.594000 7.807000 0.280000 0.312700
1.986000 1.324000 0.000000 1.920000 0.000000 9.784000 8.255000 0.900000 0.380700
5.400000 0.000000 0.000000 1.620000 0.025000 10.400000 6.760000 0.280000 0.799900
1.083000 1.624000 0.000000 2.035000 0.000000 9.382000 8.490000 0.280000 0.205900
