3
2178
56.000000 53.970000 -165.220000 5.800000
73.000000 -2.980000 139.340000 6.200000
587.000000 -9.040000 -71.320000 5.900000
36.000000 44.150000 148.200000 6.300000
39.000000 8.480000 126.620000 5.800000
58.000000 49.980000 156.220000 6.000000
7.000000 -8.120000 156.350000 6.000000
62.000000 -6.430000 154.880000 5.900000
49.000000 38.710000 142.750000 6.100000
79.000000 -56.030000 -27.570000 5.800000
21.000000 -41.720000 172.030000 6.100000
69.000000 -7.170000 106.100000 5.800000
56.000000 35.670000 140.640000 5.900000
165.000000 -6.770000 129.620000 5.900000
45.000000 27.780000 62.070000 6.400000
23.000000 57.370000 -152.270000 5.800000
217.000000 -13.940000 167.180000 6.100000
0.000000 40.860000 15.330000 6.000000
198.000000 3.690000 125.140000 5.800000
9.000000 -39.930000 -74.890000 5.800000
33.000000 51.560000 175.860000 5.800000
0.000000 49.880000 78.810000 5.900000
90.000000 -56.400000 -26.540000 5.800000
0.000000 63.920000 146.100000 5.900000
18.000000 51.760000 176.080000 6.100000
0.000000 -21.860000 -139.000000 6.000000
45.000000 32.390000 131.960000 6.200000
39.000000 43.460000 146.940000 5.800000
77.000000 -0.150000 -17.970000 5.800000
22.000000 40.250000 139.010000 6.300000
29.000000 -9.990000 117.290000 5.900000
92.000000 4.760000 126.520000 6.000000
76.000000 43.160000 146.170000 6.400000
116.000000 -5.390000 150.940000 6.000000
0.000000 73.320000 54.970000 6.800000
107.000000 -5.930000 130.680000 6.400000
4.000000 -6.790000 151.800000 5.900000
33.000000 -5.530000 151.840000 5.800000
21.000000 -10.930000 163.800000 5.900000
18.000000 51.110000 -171.300000 6.300000
39.000000 -11.140000 162.160000 6.200000
57.000000 -7.480000 156.010000 5.800000
0.000000 49.880000 78.820000 6.100000
30.000000 58.290000 -152.500000 6.100000
57.000000 42.080000 142.650000 5.900000
17.000000 7.730000 137.020000 5.800000
342.000000 -27.740000 -178.990000 5.800000
45.000000 44.560000 151.030000 6.400000
267.000000 -15.830000 -174.800000 6.000000
128.000000 33.510000 131.510000 6.200000
146.000000 -37.280000 177.160000 6.100000
165.000000 -21.590000 170.560000 6.000000
37.000000 -8.400000 115.830000 5.900000
135.000000 49.050000 153.600000 6.200000
0.000000 -6.730000 154.810000 5.800000
40.000000 -51.600000 139.760000 5.900000
0.000000 43.630000 146.500000 6.000000
128.000000 -15.400000 167.550000 6.000000
21.000000 -20.010000 -174.230000 6.300000
31.000000 -11.400000 66.300000 5.900000
0.000000 -1.520000 136.670000 6.100000
373.000000 -24.830000 -179.190000 5.900000
30.000000 -6.370000 151.660000 5.900000
11.000000 42.650000 146.080000 6.000000
77.000000 -29.370000 -176.130000 6.000000
63.000000 -10.920000 162.160000 5.900000
205.000000 36.520000 71.100000 5.900000
0.000000 49.870000 78.970000 5.900000
73.000000 24.430000 122.250000 6.000000
25.000000 -0.270000 133.470000 6.100000
33.000000 -52.260000 28.300000 6.700000
30.000000 -15.350000 -173.540000 5.800000
31.000000 29.890000 57.720000 6.000000
41.000000 -5.430000 151.970000 5.900000
47.000000 24.110000 122.480000 5.800000
0.000000 49.790000 78.140000 6.000000
555.000000 -24.660000 -63.390000 5.900000
10.000000 43.500000 -127.620000 5.900000
607.000000 -4.340000 122.140000 5.800000
33.000000 40.400000 63.660000 5.900000
17.000000 60.730000 -141.550000 6.200000
91.000000 -21.290000 -68.200000 6.300000
413.000000 -5.130000 154.230000 6.000000
33.000000 -44.600000 37.340000 6.000000
33.000000 -4.690000 -105.740000 5.900000
12.000000 -42.660000 174.020000 5.800000
36.000000 -60.900000 -55.900000 5.800000
0.000000 43.790000 54.750000 5.800000
48.000000 49.230000 155.560000 5.900000
139.000000 -20.700000 169.920000 6.100000
0.000000 49.860000 78.840000 5.800000
47.000000 -7.480000 156.200000 5.800000
8.000000 6.370000 -77.480000 6.000000
1.000000 1.380000 126.240000 6.300000
0.000000 73.380000 54.870000 5.900000
36.000000 29.710000 80.890000 6.000000
91.000000 2.970000 125.910000 5.900000
55.000000 -6.410000 147.650000 5.900000
37.000000 14.610000 -93.290000 5.800000
55.000000 -7.270000 156.140000 5.900000
116.000000 -5.530000 150.690000 5.800000
11.000000 34.720000 -121.280000 5.800000
640.000000 -21.570000 -179.350000 5.800000
48.000000 51.470000 -178.320000 6.000000
16.000000 45.200000 93.860000 5.900000
25.000000 -5.140000 152.870000 5.800000
43.000000 -10.220000 -78.690000 5.800000
0.000000 43.720000 147.800000 5.900000
386.000000 -31.550000 179.790000 6.200000
29.000000 70.970000 -6.860000 5.900000
15.000000 -0.500000 122.610000 5.800000
24.000000 48.220000 102.900000 6.100000
43.000000 11.800000 143.120000 5.800000
37.000000 -8.210000 114.870000 6.100000
23.000000 -5.810000 151.550000 6.000000
6.000000 22.500000 122.080000 5.900000
204.000000 -22.860000 -177.470000 6.100000
27.000000 -41.500000 -75.340000 6.000000
28.000000 51.240000 -179.250000 5.900000
10.000000 -60.910000 -53.100000 5.800000
30.000000 -0.450000 -4.890000 6.000000
55.000000 -5.330000 153.080000 6.000000
78.000000 12.180000 140.800000 6.100000
7.000000 -2.390000 126.150000 6.100000
34.000000 -57.820000 -23.540000 6.000000
33.000000 -54.970000 146.250000 5.800000
94.000000 -7.760000 108.180000 6.100000
40.000000 3.720000 95.740000 6.100000
51.000000 51.390000 -179.940000 6.300000
44.000000 52.760000 -166.900000 5.900000
18.000000 15.570000 -99.480000 5.900000
97.000000 -19.630000 169.100000 5.800000
17.000000 1.160000 126.200000 5.800000
21.000000 43.760000 147.450000 6.100000
15.000000 -17.900000 172.120000 6.100000
46.000000 40.220000 143.550000 5.900000
60.000000 47.410000 -122.290000 6.300000
62.000000 -4.180000 152.760000 6.100000
10.000000 -46.010000 165.160000 5.800000
183.000000 29.790000 140.110000 6.000000
29.000000 -12.490000 166.370000 5.900000
85.000000 -12.740000 -76.040000 6.000000
14.000000 7.760000 123.520000 6.000000
29.000000 21.000000 120.680000 5.800000
0.000000 50.030000 79.020000 5.800000
16.000000 -0.140000 131.790000 5.900000
41.000000 -21.610000 169.660000 5.800000
88.000000 -55.990000 -27.620000 5.800000
0.000000 49.960000 79.070000 6.000000
3.000000 -2.950000 139.640000 5.900000
21.000000 11.860000 142.380000 6.100000
24.000000 56.300000 -154.400000 5.800000
93.000000 -56.440000 -27.430000 5.900000
56.000000 44.270000 148.900000 5.800000
32.000000 -7.390000 155.920000 5.900000
12.000000 -9.430000 148.940000 5.900000
45.000000 45.980000 151.470000 6.200000
50.000000 13.000000 144.500000 5.800000
22.000000 -23.400000 -174.720000 5.800000
40.000000 53.030000 -167.550000 6.700000
131.000000 -4.060000 152.750000 6.100000
33.000000 52.780000 -167.800000 6.000000
66.000000 -5.950000 153.840000 5.800000
102.000000 -4.070000 142.110000 6.400000
50.000000 39.400000 74.760000 5.800000
534.000000 -10.200000 159.900000 6.100000
27.000000 -2.510000 126.680000 5.900000
9.000000 20.050000 -155.160000 5.900000
511.000000 -7.170000 125.810000 6.100000
45.000000 51.340000 173.440000 5.800000
77.000000 3.110000 128.060000 5.800000
52.000000 -2.710000 -79.880000 5.900000
27.000000 -8.070000 -80.090000 5.900000
214.000000 36.430000 71.120000 6.100000
22.000000 56.600000 -152.210000 5.800000
41.000000 40.730000 142.850000 6.100000
187.000000 -22.730000 -66.620000 6.100000
55.000000 -6.040000 150.010000 5.800000
214.000000 36.400000 70.720000 5.800000
0.000000 53.210000 -166.920000 5.800000
53.000000 -13.090000 166.340000 5.900000
20.000000 -14.130000 166.560000 6.100000
19.000000 18.790000 121.910000 5.800000
14.000000 34.090000 58.240000 5.900000
33.000000 -55.900000 157.700000 6.200000
139.000000 -7.500000 127.830000 6.000000
26.000000 -1.920000 126.640000 5.900000
72.000000 -2.700000 139.010000 5.800000
64.000000 -5.390000 151.730000 6.000000
35.000000 24.020000 122.260000 5.800000
41.000000 16.800000 147.170000 5.800000
67.000000 -2.760000 139.180000 5.800000
52.000000 -6.020000 150.120000 5.900000
59.000000 -0.100000 125.010000 6.000000
32.000000 -32.630000 -178.190000 5.900000
22.000000 35.160000 86.400000 5.900000
9.000000 32.780000 104.090000 6.100000
0.000000 0.990000 -28.300000 6.000000
35.000000 3.960000 -85.880000 5.800000
57.000000 -9.100000 119.090000 6.000000
19.000000 16.510000 -98.250000 5.800000
66.000000 9.000000 126.270000 5.800000
123.000000 -9.490000 -74.650000 5.800000
26.000000 39.460000 73.630000 5.800000
40.000000 55.250000 162.000000 5.800000
65.000000 43.510000 147.650000 6.000000
61.000000 -30.510000 -71.080000 5.900000
12.000000 33.950000 139.510000 5.800000
35.000000 -60.440000 -26.440000 5.800000
2.000000 43.220000 146.900000 5.900000
37.000000 -20.540000 -174.000000 5.800000
0.000000 47.810000 48.090000 5.800000
45.000000 19.360000 122.060000 5.800000
48.000000 -4.860000 153.320000 5.800000
57.000000 -2.890000 139.380000 5.800000
0.000000 -48.550000 164.700000 5.900000
75.000000 37.960000 22.380000 5.800000
0.000000 -6.340000 151.180000 5.800000
16.000000 -30.180000 -177.910000 6.100000
58.000000 17.350000 -100.040000 5.900000
135.000000 -15.570000 167.570000 5.800000
10.000000 7.740000 -77.540000 5.800000
112.000000 -0.140000 124.000000 5.900000
32.000000 -10.570000 164.460000 6.200000
39.000000 0.480000 -79.790000 6.200000
0.000000 49.910000 78.970000 6.100000
11.000000 28.270000 130.670000 6.300000
18.000000 38.230000 22.970000 6.100000
55.000000 5.040000 126.630000 5.800000
72.000000 40.840000 141.980000 5.900000
16.000000 40.350000 42.180000 6.000000
5.000000 50.020000 178.280000 6.200000
181.000000 15.320000 120.630000 6.300000
47.000000 36.280000 69.690000 5.900000
0.000000 36.160000 1.400000 6.300000
33.000000 -53.520000 159.080000 5.900000
56.000000 14.650000 -92.590000 5.800000
37.000000 54.990000 -159.240000 6.000000
31.000000 52.170000 175.170000 5.900000
73.000000 6.410000 126.620000 6.000000
74.000000 33.870000 131.910000 5.800000
70.000000 -20.570000 -68.930000 6.500000
465.000000 -7.080000 117.950000 5.800000
36.000000 1.650000 126.500000 6.400000
0.000000 12.980000 125.740000 6.200000
42.000000 43.430000 147.050000 6.500000
5.000000 -11.620000 -74.450000 5.900000
124.000000 -4.100000 143.100000 5.900000
35.000000 18.020000 -69.790000 6.000000
228.000000 -5.450000 147.050000 5.800000
43.000000 -0.740000 127.330000 5.800000
39.000000 -15.220000 -173.520000 6.000000
48.000000 12.470000 126.010000 6.500000
80.000000 -5.660000 150.990000 5.800000
10.000000 40.310000 63.720000 6.200000
19.000000 -38.340000 -73.270000 5.900000
49.000000 36.450000 141.050000 5.800000
36.000000 16.610000 122.190000 5.900000
46.000000 5.540000 126.470000 5.800000
346.000000 -31.380000 -179.380000 6.000000
45.000000 -11.050000 116.970000 6.100000
5.000000 56.680000 120.950000 6.000000
154.000000 48.310000 153.160000 5.800000
128.000000 -7.020000 -76.190000 5.800000
0.000000 -21.850000 -139.000000 5.800000
51.000000 27.320000 128.660000 5.900000
26.000000 41.060000 143.100000 5.800000
12.000000 -3.540000 151.290000 5.800000
53.000000 48.290000 154.360000 5.800000
6.000000 -30.730000 117.210000 5.900000
19.000000 -44.580000 167.640000 5.800000
30.000000 26.840000 142.740000 6.400000
63.000000 5.160000 96.310000 6.100000
36.000000 45.530000 150.930000 5.800000
46.000000 14.420000 56.360000 5.800000
32.000000 60.050000 -148.390000 5.900000
14.000000 38.070000 20.250000 6.200000
27.000000 -18.270000 167.990000 5.800000
0.000000 49.870000 78.900000 6.000000
52.000000 -6.790000 -76.760000 6.100000
34.000000 0.810000 29.900000 6.000000
49.000000 -5.860000 151.310000 6.100000
172.000000 18.340000 -68.860000 5.900000
112.000000 21.420000 94.620000 5.900000
29.000000 23.600000 121.550000 6.100000
50.000000 -6.490000 151.180000 5.900000
40.000000 -60.590000 -25.500000 5.900000
29.000000 56.770000 -135.910000 6.200000
168.000000 -7.370000 128.580000 5.900000
50.000000 3.480000 128.060000 5.900000
33.000000 -50.840000 139.190000 5.800000
38.000000 51.410000 -177.210000 6.000000
23.000000 -4.840000 145.100000 5.800000
54.000000 -6.230000 154.450000 6.200000
397.000000 -31.880000 179.940000 6.000000
51.000000 1.030000 147.560000 5.800000
70.000000 -0.020000 124.840000 5.800000
30.000000 -20.360000 168.890000 5.800000
0.000000 19.550000 -70.220000 5.800000
64.000000 -5.010000 145.100000 5.900000
21.000000 24.790000 125.980000 5.800000
0.000000 47.810000 48.100000 5.900000
36.000000 -3.410000 177.550000 5.800000
0.000000 49.870000 78.890000 5.900000
35.000000 31.500000 100.330000 5.900000
64.000000 -22.910000 -176.050000 5.900000
120.000000 -31.340000 -178.720000 5.800000
10.000000 -60.750000 -20.950000 6.000000
77.000000 -21.220000 169.720000 6.200000
55.000000 -11.160000 115.420000 6.100000
3.000000 28.300000 53.170000 5.800000
44.000000 38.540000 142.140000 6.000000
73.000000 -4.860000 153.500000 5.800000
3.000000 24.510000 98.950000 5.900000
41.000000 36.350000 141.380000 6.100000
54.000000 -17.300000 -72.480000 5.800000
53.000000 44.720000 149.460000 5.900000
94.000000 -4.890000 153.570000 6.500000
40.000000 -57.390000 -64.460000 5.900000
0.000000 34.140000 59.920000 5.900000
53.000000 -5.150000 134.090000 6.100000
55.000000 -3.080000 139.450000 6.000000
15.000000 50.720000 160.400000 5.900000
34.000000 -7.490000 130.590000 5.900000
199.000000 0.090000 123.310000 5.900000
10.000000 34.570000 138.750000 5.800000
3.000000 7.410000 -78.050000 6.100000
33.000000 43.780000 147.480000 6.000000
44.000000 59.790000 -149.300000 6.100000
9.000000 -12.240000 -77.580000 6.200000
19.000000 0.850000 -79.630000 6.000000
112.000000 -34.290000 -70.380000 5.800000
34.000000 42.840000 78.600000 6.100000
18.000000 21.770000 103.310000 6.000000
81.000000 12.910000 93.590000 6.100000
128.000000 -15.090000 167.310000 5.800000
20.000000 4.960000 -78.120000 6.400000
40.000000 53.050000 170.830000 5.900000
45.000000 -5.930000 154.050000 6.400000
22.000000 45.590000 152.240000 5.900000
32.000000 -3.740000 143.010000 6.000000
92.000000 -7.030000 129.700000 6.100000
49.000000 -26.520000 -70.660000 6.300000
43.000000 0.550000 126.240000 5.900000
49.000000 -9.880000 160.500000 6.100000
80.000000 -0.070000 124.100000 5.800000
1.000000 3.400000 96.280000 6.300000
45.000000 32.180000 142.370000 5.900000
1.000000 -11.840000 -75.100000 5.900000
31.000000 16.300000 122.110000 5.900000
57.000000 41.850000 142.780000 5.800000
33.000000 -9.730000 160.170000 6.000000
43.000000 -6.290000 144.460000 5.900000
0.000000 49.920000 77.760000 5.800000
33.000000 -51.700000 139.800000 5.800000
43.000000 60.970000 -147.470000 6.200000
58.000000 -6.550000 154.980000 5.900000
18.000000 14.670000 44.230000 5.800000
17.000000 -15.290000 -173.070000 6.000000
45.000000 -22.220000 170.480000 5.900000
40.000000 7.180000 -77.760000 6.000000
32.000000 -5.040000 129.990000 6.000000
10.000000 56.520000 -152.610000 5.900000
0.000000 49.910000 78.910000 5.900000
33.000000 -54.000000 159.350000 5.800000
21.000000 1.260000 126.230000 6.100000
53.000000 30.070000 142.150000 5.900000
110.000000 4.920000 127.530000 6.000000
20.000000 50.320000 177.930000 6.500000
80.000000 -6.050000 148.550000 5.800000
27.000000 17.540000 73.840000 5.900000
44.000000 24.080000 122.160000 6.000000
627.000000 -21.080000 -179.150000 5.900000
114.000000 -22.290000 171.650000 6.300000
0.000000 73.330000 54.930000 6.600000
196.000000 -18.540000 -175.120000 5.800000
0.000000 70.800000 53.420000 5.900000
31.000000 39.470000 142.890000 6.000000
120.000000 -56.170000 -27.700000 6.100000
36.000000 -32.190000 -71.720000 5.800000
51.000000 -57.780000 -25.520000 5.800000
33.000000 -46.540000 165.910000 6.000000
42.000000 -29.640000 -176.760000 5.900000
0.000000 44.980000 -125.870000 5.800000
65.000000 16.730000 -61.440000 5.900000
20.000000 -9.570000 150.970000 6.100000
45.000000 -10.580000 161.350000 5.800000
106.000000 -5.050000 143.960000 5.900000
37.000000 4.690000 124.610000 5.800000
96.000000 18.310000 -100.500000 6.300000
0.000000 49.930000 78.890000 6.000000
88.000000 -17.320000 -70.530000 5.800000
6.000000 53.020000 162.410000 5.900000
0.000000 49.770000 78.100000 6.100000
30.000000 -29.040000 77.780000 5.900000
161.000000 52.590000 -175.040000 6.000000
36.000000 52.130000 173.030000 5.800000
587.000000 -21.870000 -179.540000 5.900000
56.000000 -10.510000 -78.300000 5.800000
19.000000 51.670000 176.040000 5.800000
53.000000 -17.580000 -174.390000 6.200000
92.000000 -12.280000 -76.300000 6.100000
33.000000 -29.220000 -175.940000 6.500000
635.000000 -22.750000 178.760000 6.000000
33.000000 -6.610000 71.410000 5.800000
20.000000 16.980000 -62.460000 6.100000
79.000000 -18.840000 -68.750000 5.900000
270.000000 -31.200000 -179.470000 5.800000
64.000000 -8.690000 111.170000 5.900000
60.000000 51.820000 177.120000 6.000000
333.000000 -24.980000 -178.880000 6.100000
1.000000 -16.050000 -173.000000 5.900000
44.000000 51.350000 -178.510000 5.800000
26.000000 3.780000 126.810000 6.000000
123.000000 -6.380000 105.930000 5.900000
90.000000 -12.100000 166.520000 6.000000
30.000000 24.290000 142.700000 5.800000
43.000000 1.870000 126.480000 6.100000
6.000000 -12.440000 -77.460000 6.000000
33.000000 -15.780000 -173.010000 5.900000
46.000000 51.420000 -174.110000 6.100000
48.000000 38.230000 142.020000 6.700000
33.000000 -11.140000 115.360000 6.000000
0.000000 73.390000 54.580000 6.100000
101.000000 -6.390000 130.720000 5.800000
60.000000 -5.750000 150.740000 6.300000
99.000000 -5.070000 144.200000 6.300000
15.000000 38.790000 26.570000 5.900000
19.000000 -1.940000 134.170000 6.100000
22.000000 58.690000 -149.930000 6.200000
80.000000 22.410000 121.260000 6.000000
33.000000 -61.050000 -21.700000 6.200000
53.000000 43.990000 148.910000 5.900000
68.000000 5.600000 126.300000 6.000000
49.000000 -22.960000 -176.140000 6.100000
574.000000 -17.840000 -178.530000 5.800000
0.000000 -6.720000 154.530000 5.800000
45.000000 -25.550000 -176.240000 5.900000
598.000000 -9.050000 -71.340000 6.100000
10.000000 -1.830000 134.840000 5.900000
86.000000 -21.750000 170.530000 6.000000
158.000000 -7.630000 127.340000 5.900000
39.000000 -30.340000 -71.580000 5.900000
162.000000 5.760000 125.610000 6.000000
43.000000 44.160000 148.230000 6.000000
10.000000 -2.380000 145.060000 5.800000
66.000000 -7.120000 155.870000 5.900000
0.000000 70.800000 53.920000 6.900000
19.000000 -59.380000 -26.120000 6.000000
64.000000 8.520000 126.410000 6.100000
45.000000 51.460000 -177.710000 5.900000
83.000000 -21.590000 -175.320000 6.200000
56.000000 3.560000 126.860000 5.800000
0.000000 7.110000 -82.310000 5.800000
46.000000 -21.950000 170.090000 5.800000
26.000000 -6.040000 152.900000 6.300000
34.000000 25.120000 -109.550000 5.800000
592.000000 -28.140000 -63.150000 6.200000
370.000000 -31.950000 179.180000 5.800000
68.000000 -29.350000 -177.290000 6.000000
116.000000 24.810000 121.870000 6.000000
508.000000 28.220000 139.300000 5.900000
59.000000 -11.390000 116.680000 6.600000
596.000000 -14.200000 172.020000 5.800000
39.000000 -19.070000 168.540000 6.000000
40.000000 32.240000 132.210000 5.900000
117.000000 -6.110000 145.540000 5.800000
40.000000 -24.150000 -175.970000 5.900000
26.000000 0.660000 126.000000 6.200000
54.000000 -6.640000 155.090000 6.500000
38.000000 -14.520000 167.930000 5.900000
79.000000 -10.080000 161.060000 6.000000
109.000000 -19.520000 -69.010000 5.900000
33.000000 -31.020000 -67.510000 6.000000
17.000000 54.840000 166.000000 6.000000
80.000000 -7.530000 127.910000 6.000000
44.000000 51.270000 -179.380000 5.800000
8.000000 1.090000 121.000000 5.800000
33.000000 53.260000 -161.740000 6.100000
81.000000 -26.000000 -177.240000 6.000000
166.000000 -4.600000 151.860000 5.900000
41.000000 61.620000 -147.390000 5.800000
0.000000 49.970000 78.950000 6.000000
7.000000 -8.270000 121.380000 5.800000
114.000000 -14.890000 167.220000 6.200000
24.000000 31.610000 100.260000 6.100000
7.000000 -1.760000 149.750000 5.900000
28.000000 -14.340000 167.060000 5.900000
55.000000 -6.440000 105.380000 6.100000
113.000000 -10.250000 161.110000 6.000000
44.000000 -26.280000 -175.780000 6.100000
48.000000 33.310000 132.310000 6.200000
20.000000 -26.020000 84.300000 6.100000
25.000000 -1.200000 136.610000 5.800000
124.000000 23.090000 94.700000 6.100000
88.000000 -9.120000 113.040000 5.900000
55.000000 -5.250000 153.700000 5.800000
4.000000 47.090000 153.720000 5.800000
25.000000 52.940000 -167.700000 6.100000
101.000000 -11.430000 166.370000 6.200000
44.000000 35.850000 141.100000 5.800000
63.000000 -3.210000 145.430000 5.900000
33.000000 29.620000 80.830000 6.000000
0.000000 73.340000 54.730000 5.800000
66.000000 -13.100000 -76.370000 5.900000
62.000000 28.550000 129.150000 5.800000
7.000000 51.660000 174.590000 5.800000
196.000000 -4.370000 151.810000 5.900000
39.000000 56.040000 163.170000 6.200000
19.000000 -9.610000 159.770000 5.800000
30.000000 38.180000 142.870000 5.800000
210.000000 36.420000 70.760000 6.300000
0.000000 49.860000 78.810000 5.900000
64.000000 -58.860000 157.600000 6.000000
45.000000 -29.700000 -177.780000 5.800000
33.000000 -32.000000 -178.100000 5.800000
32.000000 -11.160000 107.720000 6.300000
29.000000 -8.930000 120.320000 6.000000
46.000000 -4.200000 123.370000 5.800000
33.000000 -14.830000 -178.750000 6.300000
37.000000 -5.960000 146.330000 5.900000
39.000000 18.750000 120.860000 6.200000
82.000000 30.630000 140.850000 6.100000
43.000000 38.190000 90.970000 5.800000
56.000000 3.730000 126.640000 5.800000
82.000000 -4.930000 130.090000 6.000000
24.000000 27.590000 56.380000 6.200000
380.000000 48.270000 148.660000 5.800000
161.000000 -1.400000 -77.700000 5.900000
12.000000 -33.820000 -179.440000 5.800000
40.000000 -32.510000 -71.210000 6.500000
88.000000 -10.340000 161.200000 5.800000
10.000000 -16.470000 -172.170000 5.800000
189.000000 -7.110000 129.060000 6.000000
22.000000 -6.460000 151.550000 6.100000
32.000000 -2.900000 139.080000 5.900000
40.000000 51.390000 179.590000 6.100000
479.000000 -25.690000 179.580000 6.100000
3.000000 38.850000 40.520000 5.900000
36.000000 -31.550000 -178.600000 6.000000
54.000000 44.660000 148.920000 5.800000
605.000000 -21.100000 -179.180000 6.200000
19.000000 -10.830000 164.230000 5.800000
24.000000 42.480000 78.710000 5.900000
26.000000 15.050000 -94.280000 6.000000
0.000000 53.970000 -163.710000 6.100000
18.000000 -8.400000 154.030000 6.200000
46.000000 4.810000 127.540000 6.100000
49.000000 31.940000 78.530000 5.800000
107.000000 -4.420000 144.080000 6.000000
68.000000 26.020000 95.370000 6.400000
42.000000 0.220000 98.050000 6.200000
16.000000 -16.640000 -177.380000 6.000000
1.000000 33.710000 22.940000 6.100000
53.000000 18.820000 -103.950000 5.900000
517.000000 -4.880000 125.350000 6.100000
48.000000 -9.150000 -78.830000 6.400000
62.000000 -4.940000 133.990000 6.200000
22.000000 0.060000 119.730000 6.100000
2.000000 53.000000 173.470000 5.900000
42.000000 25.540000 143.250000 6.300000
85.000000 42.920000 145.330000 5.900000
33.000000 -60.300000 -27.000000 5.800000
41.000000 51.320000 -179.670000 5.800000
367.000000 35.430000 135.490000 6.000000
0.000000 -51.490000 28.980000 6.100000
48.000000 -9.880000 -78.690000 5.800000
29.000000 -3.490000 177.640000 5.800000
56.000000 -3.010000 139.080000 5.800000
53.000000 -19.160000 168.690000 5.800000
14.000000 -10.610000 -74.690000 6.300000
392.000000 -5.480000 154.250000 5.800000
48.000000 24.170000 122.390000 6.000000
56.000000 53.380000 160.300000 5.800000
60.000000 40.780000 142.150000 5.800000
37.000000 61.040000 -147.370000 6.200000
399.000000 47.440000 146.730000 5.900000
183.000000 -7.470000 128.200000 6.200000
16.000000 5.640000 -82.600000 5.800000
3.000000 34.030000 59.810000 6.000000
49.000000 -57.440000 -25.770000 5.800000
20.000000 -10.150000 161.010000 6.100000
99.000000 52.850000 159.220000 6.400000
0.000000 -2.110000 139.790000 5.800000
17.000000 -6.240000 148.740000 5.800000
35.000000 38.280000 142.710000 6.000000
31.000000 -53.370000 23.600000 5.800000
44.000000 1.810000 126.410000 6.000000
45.000000 -37.270000 179.320000 5.900000
31.000000 -10.000000 160.770000 6.400000
33.000000 -11.480000 118.210000 6.300000
100.000000 -11.170000 -75.010000 5.900000
23.000000 16.070000 -96.550000 6.300000
24.000000 37.200000 142.090000 5.800000
0.000000 49.900000 78.860000 6.200000
51.000000 -10.880000 119.260000 6.000000
49.000000 -19.890000 169.080000 6.100000
68.000000 10.040000 125.860000 5.800000
43.000000 19.800000 -56.110000 6.200000
70.000000 43.450000 147.980000 6.000000
37.000000 1.030000 126.020000 5.800000
0.000000 49.950000 78.980000 5.800000
17.000000 28.190000 103.980000 5.800000
53.000000 -3.170000 118.910000 5.800000
87.000000 -24.470000 -68.460000 6.200000
31.000000 50.100000 -129.300000 5.800000
24.000000 11.150000 140.230000 5.800000
44.000000 -5.340000 103.120000 5.800000
64.000000 -30.010000 -176.850000 6.000000
33.000000 -4.540000 139.930000 6.000000
177.000000 -12.110000 166.670000 5.800000
29.000000 -39.780000 -104.870000 6.000000
43.000000 -15.130000 166.910000 6.200000
4.000000 19.500000 -155.440000 6.300000
36.000000 60.110000 -146.710000 5.900000
62.000000 -6.460000 70.760000 6.100000
15.000000 32.590000 104.250000 6.000000
6.000000 6.520000 -77.400000 5.800000
184.000000 0.020000 123.180000 5.800000
82.000000 -25.850000 -177.290000 6.200000
38.000000 44.770000 153.330000 6.200000
34.000000 -10.890000 166.010000 5.900000
62.000000 -13.320000 166.690000 6.100000
10.000000 -20.130000 -126.940000 5.800000
29.000000 -23.190000 -70.110000 5.900000
47.000000 32.260000 131.780000 6.100000
75.000000 18.020000 -69.030000 6.000000
86.000000 -5.130000 151.790000 6.000000
51.000000 44.780000 149.210000 6.100000
28.000000 -12.590000 166.110000 5.900000
39.000000 42.920000 146.390000 5.800000
35.000000 52.890000 -162.980000 6.000000
33.000000 -15.300000 -173.470000 6.100000
0.000000 14.230000 119.130000 5.900000
33.000000 -3.430000 135.650000 6.200000
101.000000 -56.090000 -27.550000 5.800000
51.000000 36.430000 140.980000 6.000000
50.000000 30.680000 140.220000 5.900000
45.000000 44.480000 150.190000 5.800000
44.000000 8.800000 -83.110000 6.300000
441.000000 26.960000 140.480000 5.800000
45.000000 38.380000 22.260000 6.300000
19.000000 43.140000 146.890000 5.800000
3.000000 40.780000 23.240000 6.100000
0.000000 -21.850000 -138.940000 5.900000
38.000000 -10.740000 -78.630000 6.300000
601.000000 18.490000 145.390000 6.100000
48.000000 -5.700000 151.960000 6.200000
27.000000 -3.660000 141.740000 5.800000
17.000000 30.290000 132.720000 5.800000
69.000000 -12.250000 166.610000 5.900000
10.000000 -3.610000 151.200000 5.800000
28.000000 37.280000 142.280000 5.800000
42.000000 22.270000 121.520000 5.900000
59.000000 -6.260000 154.620000 5.800000
533.000000 -23.450000 -179.880000 6.000000
21.000000 -3.940000 152.040000 5.800000
15.000000 -14.010000 23.820000 5.900000
20.000000 40.110000 70.860000 6.000000
33.000000 -1.710000 136.050000 6.200000
39.000000 7.000000 91.330000 5.800000
29.000000 -6.060000 154.230000 6.100000
656.000000 8.170000 123.770000 6.400000
17.000000 -31.440000 -67.440000 5.900000
7.000000 -32.200000 78.930000 6.000000
31.000000 -21.250000 -174.410000 5.800000
30.000000 57.860000 -137.420000 6.200000
41.000000 -14.920000 166.480000 5.800000
29.000000 50.570000 -171.220000 6.300000
54.000000 -10.680000 161.660000 5.900000
8.000000 51.340000 173.750000 5.800000
222.000000 20.190000 122.410000 6.000000
0.000000 47.780000 48.140000 5.900000
0.000000 49.920000 79.030000 6.100000
37.000000 39.710000 118.370000 6.100000
6.000000 41.350000 139.100000 6.500000
18.000000 51.520000 -175.270000 5.800000
97.000000 -35.630000 179.010000 5.800000
24.000000 0.770000 126.020000 5.900000
10.000000 20.330000 -115.790000 6.000000
33.000000 -13.180000 166.320000 5.800000
23.000000 44.610000 149.380000 5.900000
46.000000 55.070000 165.400000 5.800000
11.000000 -32.650000 -177.810000 6.000000
0.000000 49.820000 78.180000 5.800000
34.000000 9.510000 -83.950000 5.800000
30.000000 9.300000 125.570000 5.900000
61.000000 51.240000 157.760000 6.000000
23.000000 38.340000 22.560000 5.800000
138.000000 -56.810000 -26.930000 6.000000
96.000000 -6.610000 101.700000 6.100000
61.000000 -17.540000 -174.440000 5.800000
22.000000 -3.370000 139.910000 5.800000
7.000000 -30.910000 -68.210000 5.800000
125.000000 -15.370000 -71.710000 6.000000
38.000000 -10.640000 166.290000 5.800000
74.000000 -4.420000 102.320000 6.300000
6.000000 35.050000 141.370000 5.800000
54.000000 0.020000 126.010000 5.800000
0.000000 49.910000 78.830000 6.000000
27.000000 42.230000 142.460000 6.300000
48.000000 17.150000 -100.230000 5.800000
10.000000 60.510000 -146.700000 6.000000
37.000000 28.300000 55.610000 6.000000
40.000000 -29.690000 -177.730000 6.000000
10.000000 40.320000 69.820000 5.800000
0.000000 73.410000 54.500000 5.800000
54.000000 -56.170000 -27.660000 6.000000
39.000000 -10.940000 118.400000 5.900000
19.000000 -40.450000 155.570000 5.800000
88.000000 -2.790000 -77.350000 6.400000
52.000000 27.940000 140.610000 5.800000
33.000000 35.800000 79.860000 5.800000
35.000000 36.130000 68.980000 6.100000
44.000000 -33.140000 -71.840000 5.900000
20.000000 -31.250000 -68.000000 5.800000
28.000000 -1.180000 136.490000 5.800000
33.000000 -5.550000 -77.200000 6.100000
52.000000 -6.550000 154.970000 5.900000
0.000000 -44.200000 167.960000 5.800000
278.000000 26.450000 140.760000 6.000000
48.000000 -34.140000 -72.100000 5.800000
149.000000 6.010000 126.010000 5.900000
472.000000 -31.790000 -179.510000 5.800000
7.000000 50.130000 -179.590000 6.000000
25.000000 31.680000 82.280000 6.000000
25.000000 10.210000 -80.030000 6.000000
40.000000 -15.610000 168.010000 5.800000
607.000000 18.000000 145.670000 6.100000
11.000000 -10.190000 110.840000 5.800000
0.000000 49.880000 78.840000 6.000000
20.000000 -16.680000 -172.050000 5.900000
33.000000 27.610000 33.910000 6.100000
58.000000 -31.810000 -71.260000 6.000000
51.000000 49.410000 155.580000 6.100000
5.000000 43.750000 148.350000 5.800000
44.000000 -14.060000 166.230000 6.100000
9.000000 -7.240000 149.580000 6.200000
33.000000 -6.220000 131.150000 6.000000
179.000000 29.400000 140.430000 6.400000
42.000000 -10.310000 160.740000 5.800000
29.000000 54.150000 168.690000 5.900000
45.000000 35.940000 73.330000 6.200000
119.000000 -14.760000 167.110000 5.800000
47.000000 32.310000 131.830000 6.000000
53.000000 -1.810000 120.460000 5.900000
449.000000 -7.330000 126.080000 6.300000
35.000000 -17.660000 167.960000 6.100000
515.000000 -23.980000 -179.800000 6.000000
46.000000 33.670000 141.170000 6.100000
36.000000 46.760000 153.630000 5.800000
43.000000 8.950000 -83.490000 6.100000
36.000000 40.750000 142.960000 5.800000
0.000000 49.940000 79.100000 5.900000
40.000000 23.860000 122.970000 6.200000
0.000000 49.970000 78.860000 6.100000
56.000000 51.570000 -177.370000 5.800000
121.000000 50.040000 155.380000 5.800000
32.000000 49.290000 155.490000 6.100000
33.000000 -33.240000 -71.780000 5.800000
112.000000 -3.880000 -78.470000 5.800000
33.000000 -60.960000 -22.960000 6.100000
20.000000 18.020000 -69.300000 5.900000
41.000000 24.020000 122.230000 5.800000
59.000000 -13.770000 166.500000 5.800000
58.000000 -6.630000 154.660000 6.300000
31.000000 22.680000 -45.110000 5.900000
12.000000 20.000000 147.270000 5.800000
5.000000 31.330000 100.490000 5.900000
0.000000 -21.890000 -138.960000 5.800000
37.000000 1.270000 97.630000 6.000000
618.000000 -6.840000 118.910000 5.800000
41.000000 17.370000 -61.990000 6.400000
1.000000 22.700000 122.610000 5.800000
38.000000 54.440000 -157.940000 6.200000
49.000000 43.170000 147.460000 5.800000
32.000000 -3.560000 86.190000 5.800000
38.000000 58.350000 -153.130000 6.400000
594.000000 -20.810000 -178.870000 5.800000
151.000000 -6.890000 129.210000 5.900000
10.000000 -31.600000 -110.850000 5.800000
32.000000 14.920000 99.050000 5.800000
523.000000 -7.210000 124.690000 6.100000
54.000000 -5.920000 103.920000 5.900000
42.000000 -16.520000 -72.600000 6.200000
38.000000 38.610000 142.910000 5.900000
21.000000 48.080000 103.020000 6.300000
190.000000 53.910000 158.360000 6.100000
552.000000 42.480000 131.050000 5.800000
43.000000 51.270000 -179.210000 6.000000
36.000000 -17.620000 -171.160000 5.900000
37.000000 36.360000 141.630000 6.200000
44.000000 7.350000 123.420000 5.800000
136.000000 -14.030000 167.040000 6.000000
52.000000 -13.980000 166.510000 6.200000
35.000000 11.910000 41.210000 5.900000
99.000000 -17.860000 -174.570000 5.800000
49.000000 -9.900000 160.440000 6.300000
29.000000 -30.650000 -177.820000 5.900000
37.000000 -5.050000 102.380000 5.900000
30.000000 5.220000 -100.320000 5.900000
92.000000 2.350000 127.560000 5.800000
13.000000 55.720000 -155.950000 6.100000
34.000000 -3.310000 139.760000 5.800000
49.000000 29.330000 130.530000 5.900000
33.000000 -5.420000 133.990000 6.500000
4.000000 -27.820000 -71.100000 6.000000
0.000000 49.870000 78.970000 5.900000
53.000000 40.300000 142.330000 6.100000
556.000000 41.660000 131.050000 5.900000
42.000000 43.850000 148.320000 5.900000
26.000000 -19.900000 169.660000 5.900000
34.000000 7.460000 123.470000 5.800000
33.000000 -49.350000 164.090000 6.200000
162.000000 29.930000 129.390000 5.900000
0.000000 50.050000 79.060000 5.800000
26.000000 -31.370000 -67.790000 5.800000
22.000000 55.200000 162.000000 5.800000
33.000000 -3.650000 144.500000 5.900000
3.000000 -60.570000 -50.350000 5.800000
150.000000 53.260000 -170.530000 5.800000
41.000000 53.310000 -162.410000 5.800000
47.000000 41.470000 142.880000 5.800000
40.000000 48.820000 154.930000 5.900000
57.000000 -59.800000 -26.330000 5.800000
238.000000 44.890000 143.210000 6.300000
33.000000 -21.050000 168.710000 6.000000
58.000000 -5.140000 151.770000 6.000000
105.000000 4.810000 -76.200000 6.300000
32.000000 -23.610000 -174.850000 6.400000
12.000000 46.350000 13.260000 5.900000
52.000000 49.410000 155.540000 6.000000
0.000000 50.050000 78.930000 5.800000
33.000000 57.090000 -154.120000 5.800000
63.000000 -5.230000 153.590000 6.200000
68.000000 14.070000 -91.950000 5.800000
23.000000 -30.180000 -177.960000 5.900000
0.000000 73.310000 54.890000 6.600000
0.000000 -49.130000 164.630000 5.800000
125.000000 1.550000 127.320000 5.800000
33.000000 -18.110000 -172.510000 6.300000
24.000000 -1.180000 136.590000 5.900000
48.000000 44.300000 149.600000 6.000000
0.000000 43.870000 54.780000 6.000000
33.000000 -9.970000 160.590000 5.900000
50.000000 36.950000 95.500000 5.900000
52.000000 41.800000 142.770000 5.800000
57.000000 34.500000 140.420000 5.900000
44.000000 22.110000 145.900000 6.000000
0.000000 49.850000 78.920000 6.200000
19.000000 34.810000 139.290000 5.800000
0.000000 49.870000 78.920000 6.100000
12.000000 60.360000 -146.610000 6.000000
33.000000 -11.160000 118.410000 6.800000
65.000000 -10.130000 121.700000 5.900000
71.000000 -6.360000 154.840000 5.800000
17.000000 58.830000 -149.290000 6.000000
0.000000 47.790000 48.110000 5.800000
15.000000 -3.360000 177.400000 5.800000
55.000000 6.520000 124.070000 5.900000
18.000000 39.210000 29.510000 6.000000
59.000000 -4.890000 153.340000 5.800000
5.000000 17.610000 -61.260000 5.900000
33.000000 -9.940000 160.480000 6.100000
114.000000 -8.160000 -76.120000 5.900000
64.000000 -6.300000 154.810000 5.900000
126.000000 -0.130000 123.950000 5.800000
140.000000 5.820000 126.980000 5.900000
41.000000 -10.420000 162.420000 5.900000
43.000000 -20.590000 169.310000 6.000000
109.000000 -7.730000 127.770000 5.800000
15.000000 24.120000 102.490000 5.800000
32.000000 38.510000 40.770000 6.000000
60.000000 -7.890000 107.550000 5.800000
27.000000 46.280000 141.030000 5.800000
12.000000 -9.200000 148.170000 5.900000
22.000000 -41.740000 174.300000 5.900000
33.000000 -8.790000 124.980000 6.300000
123.000000 32.550000 131.190000 5.800000
615.000000 -7.460000 119.890000 6.200000
73.000000 -37.730000 177.660000 5.800000
43.000000 51.320000 -179.440000 6.300000
185.000000 6.630000 125.770000 5.900000
7.000000 46.960000 153.800000 5.800000
189.000000 -5.540000 129.790000 6.500000
44.000000 13.830000 125.070000 5.800000
0.000000 57.990000 -138.040000 6.100000
60.000000 43.860000 148.840000 6.300000
0.000000 50.010000 79.030000 5.900000
44.000000 43.380000 146.460000 5.900000
110.000000 -31.950000 -68.400000 5.900000
32.000000 4.720000 127.650000 5.800000
77.000000 -5.160000 152.260000 6.100000
46.000000 -30.810000 -71.160000 5.800000
29.000000 18.540000 -102.320000 6.400000
146.000000 4.700000 -75.670000 6.100000
76.000000 -5.180000 151.750000 5.800000
36.000000 16.560000 -97.790000 6.300000
103.000000 -56.110000 -27.830000 6.000000
72.000000 -6.070000 148.210000 5.800000
5.000000 40.180000 63.790000 6.000000
115.000000 -33.490000 -179.400000 5.900000
19.000000 -20.020000 169.770000 6.000000
135.000000 -11.940000 166.570000 5.800000
4.000000 -9.960000 160.500000 6.500000
38.000000 45.530000 151.110000 5.800000
97.000000 -29.000000 -69.690000 6.000000
20.000000 -6.430000 153.000000 6.100000
144.000000 -21.370000 170.310000 6.000000
22.000000 23.870000 121.610000 5.900000
33.000000 -24.200000 -175.100000 6.000000
49.000000 43.230000 149.940000 6.100000
39.000000 38.380000 142.410000 5.900000
14.000000 -4.100000 136.280000 5.800000
17.000000 1.850000 126.400000 5.800000
184.000000 -0.960000 101.390000 6.200000
0.000000 49.720000 78.070000 6.000000
45.000000 17.530000 -100.790000 5.800000
66.000000 7.050000 -104.180000 6.300000
25.000000 -4.050000 127.900000 5.800000
45.000000 34.570000 70.470000 5.900000
21.000000 -6.790000 71.480000 5.800000
75.000000 -4.660000 153.060000 6.100000
578.000000 -27.460000 -63.230000 5.800000
20.000000 15.230000 -96.260000 6.000000
96.000000 -5.130000 153.550000 6.100000
124.000000 -15.180000 167.430000 6.200000
44.000000 -22.280000 -70.550000 6.100000
74.000000 3.500000 128.410000 5.800000
20.000000 1.940000 94.610000 6.400000
29.000000 -20.410000 -174.170000 5.800000
38.000000 -15.810000 167.240000 5.800000
34.000000 44.640000 150.090000 6.300000
31.000000 -66.490000 -82.450000 6.100000
52.000000 52.920000 159.810000 5.900000
36.000000 0.520000 134.750000 5.900000
38.000000 3.020000 127.010000 6.500000
33.000000 -20.450000 -174.040000 5.900000
11.000000 41.330000 -125.660000 5.800000
34.000000 -3.720000 140.000000 5.800000
0.000000 49.910000 78.920000 5.800000
41.000000 10.540000 140.960000 5.900000
33.000000 1.170000 126.140000 5.800000
33.000000 -41.310000 80.520000 5.800000
31.000000 -15.750000 167.120000 6.200000
546.000000 51.930000 151.570000 6.000000
70.000000 -5.960000 154.430000 5.800000
112.000000 -5.910000 145.880000 5.800000
494.000000 -4.630000 154.890000 5.800000
147.000000 -39.020000 175.230000 6.400000
102.000000 -4.840000 -78.090000 6.400000
6.000000 55.050000 -160.510000 6.000000
42.000000 -9.520000 119.390000 6.000000
33.000000 -24.010000 -175.900000 5.800000
46.000000 -6.540000 105.370000 5.900000
391.000000 33.170000 136.980000 5.900000
62.000000 -4.700000 153.170000 5.800000
7.000000 39.160000 71.350000 5.900000
38.000000 -5.250000 152.130000 5.800000
38.000000 52.230000 174.000000 5.800000
6.000000 16.080000 -59.790000 5.800000
10.000000 -1.390000 -15.020000 5.800000
242.000000 -12.230000 167.020000 6.000000
33.000000 -54.590000 5.400000 5.800000
33.000000 -59.540000 -20.590000 6.300000
96.000000 6.600000 126.770000 5.900000
51.000000 -22.950000 -69.090000 5.900000
405.000000 -18.390000 -177.880000 5.800000
0.000000 -54.210000 158.780000 6.000000
32.000000 52.050000 175.600000 5.800000
32.000000 -22.300000 170.390000 5.900000
10.000000 39.220000 25.250000 6.000000
33.000000 -52.530000 159.700000 5.800000
37.000000 16.860000 122.390000 6.000000
36.000000 -25.670000 -70.630000 6.300000
0.000000 49.910000 78.850000 6.100000
10.000000 -36.000000 -17.080000 6.000000
28.000000 -17.230000 167.830000 5.900000
117.000000 22.330000 143.590000 6.000000
18.000000 38.370000 22.400000 5.800000
7.000000 -2.300000 22.830000 5.800000
10.000000 23.960000 125.920000 6.100000
64.000000 -6.520000 154.940000 5.900000
28.000000 29.680000 -67.450000 6.000000
12.000000 33.220000 -116.190000 6.000000
42.000000 17.810000 -101.690000 6.200000
108.000000 -0.050000 123.030000 5.800000
10.000000 -6.850000 72.040000 6.500000
9.000000 15.930000 -88.520000 5.900000
31.000000 27.470000 56.240000 5.800000
46.000000 -13.920000 166.650000 5.900000
10.000000 8.160000 -38.770000 6.300000
33.000000 -6.560000 131.300000 5.900000
111.000000 -5.420000 154.280000 5.800000
56.000000 43.280000 145.810000 5.900000
10.000000 16.540000 40.320000 5.900000
42.000000 -11.210000 162.130000 5.900000
43.000000 35.480000 139.050000 5.800000
62.000000 50.510000 156.580000 6.000000
4.000000 -31.040000 -67.760000 6.400000
29.000000 8.280000 122.430000 6.100000
6.000000 -55.920000 -28.070000 6.100000
192.000000 -23.100000 -177.270000 5.800000
454.000000 29.350000 138.920000 6.100000
37.000000 -22.250000 169.550000 5.800000
46.000000 16.090000 121.940000 5.900000
44.000000 -41.410000 -74.970000 5.900000
107.000000 -5.570000 153.990000 5.800000
0.000000 49.840000 78.690000 6.000000
25.000000 3.690000 126.650000 5.800000
30.000000 39.540000 143.200000 5.800000
38.000000 13.380000 120.340000 6.400000
88.000000 -4.450000 143.530000 6.300000
47.000000 -29.360000 77.650000 5.800000
36.000000 2.930000 -74.830000 6.300000
56.000000 -4.960000 131.030000 5.800000
49.000000 0.540000 126.050000 6.100000
40.000000 -32.680000 -71.630000 5.800000
17.000000 -30.970000 -178.130000 6.500000
3.000000 48.710000 157.370000 6.000000
106.000000 -7.540000 128.760000 6.100000
25.000000 56.450000 -153.940000 6.100000
33.000000 3.930000 -85.880000 5.900000
41.000000 -22.110000 174.760000 5.900000
49.000000 -7.150000 155.210000 6.100000
203.000000 -14.330000 167.290000 6.100000
27.000000 39.360000 75.440000 5.800000
0.000000 44.390000 146.870000 5.800000
6.000000 -30.320000 -177.870000 5.800000
59.000000 -5.210000 151.650000 5.800000
0.000000 49.930000 78.770000 6.000000
542.000000 9.230000 123.920000 5.900000
45.000000 -30.860000 -178.210000 6.000000
33.000000 -11.740000 164.810000 5.900000
647.000000 -20.610000 -179.140000 5.800000
59.000000 -5.240000 151.710000 6.100000
214.000000 -22.530000 -66.190000 6.000000
11.000000 0.280000 119.370000 6.000000
33.000000 -4.400000 -102.100000 6.000000
11.000000 19.460000 -155.140000 5.900000
7.000000 39.340000 73.770000 6.200000
585.000000 -7.170000 123.860000 5.800000
53.000000 -6.900000 147.770000 5.800000
632.000000 7.460000 123.770000 6.000000
102.000000 36.210000 70.900000 6.500000
0.000000 37.590000 -118.800000 6.100000
3.000000 -30.600000 -178.210000 5.800000
21.000000 -7.580000 154.610000 5.800000
58.000000 1.650000 126.320000 5.800000
124.000000 48.040000 153.130000 5.800000
1.000000 38.900000 21.100000 5.800000
55.000000 -7.220000 156.080000 5.900000
45.000000 -4.970000 145.450000 6.000000
537.000000 -4.940000 125.250000 5.800000
37.000000 -4.740000 145.000000 5.900000
51.000000 1.990000 126.940000 6.000000
2.000000 -7.330000 146.830000 5.800000
0.000000 73.410000 54.930000 6.400000
118.000000 5.140000 127.440000 6.000000
208.000000 -17.760000 -175.060000 6.100000
566.000000 41.850000 130.870000 5.800000
134.000000 -3.630000 139.440000 5.800000
208.000000 -30.440000 -179.300000 6.000000
33.000000 -4.300000 -102.070000 5.900000
16.000000 -30.480000 -177.420000 6.000000
0.000000 7.550000 -77.500000 5.800000
6.000000 62.190000 -124.270000 6.200000
63.000000 -10.210000 160.740000 5.800000
23.000000 0.910000 -26.710000 6.200000
33.000000 -60.840000 -24.330000 6.100000
0.000000 49.850000 78.970000 5.800000
95.000000 -10.200000 161.160000 5.900000
588.000000 -17.890000 -178.600000 6.000000
38.000000 -9.280000 158.210000 5.800000
146.000000 -42.280000 -71.790000 5.800000
76.000000 -12.300000 166.500000 5.900000
75.000000 -29.920000 -177.800000 6.200000
16.000000 -34.610000 -178.570000 6.400000
35.000000 -4.340000 139.860000 5.800000
25.000000 34.150000 59.010000 5.900000
256.000000 19.000000 145.420000 5.900000
35.000000 43.140000 146.880000 5.900000
28.000000 14.060000 124.870000 6.000000
33.000000 2.250000 126.740000 5.800000
31.000000 -15.910000 -178.470000 5.800000
44.000000 3.740000 148.970000 5.800000
6.000000 42.800000 13.040000 5.800000
42.000000 -6.500000 154.630000 5.800000
26.000000 11.700000 144.570000 6.000000
25.000000 -5.750000 104.180000 5.900000
102.000000 24.860000 122.560000 6.100000
44.000000 38.120000 142.260000 5.900000
29.000000 16.330000 -95.800000 6.500000
515.000000 51.690000 150.970000 6.000000
136.000000 -58.360000 -26.830000 5.900000
43.000000 -5.520000 153.870000 6.000000
160.000000 0.400000 122.110000 6.100000
11.000000 51.860000 176.090000 5.900000
33.000000 -8.840000 156.970000 6.100000
23.000000 -9.530000 152.210000 6.000000
606.000000 -6.010000 112.330000 5.900000
156.000000 -7.650000 -74.460000 6.000000
9.000000 19.900000 120.490000 5.800000
3.000000 -8.040000 155.560000 6.300000
48.000000 -1.460000 99.800000 5.800000
97.000000 -10.160000 161.010000 5.900000
49.000000 40.300000 142.390000 5.900000
45.000000 -60.630000 -25.270000 5.800000
61.000000 23.720000 142.180000 5.900000
0.000000 45.400000 151.310000 6.000000
101.000000 -0.610000 123.280000 5.900000
503.000000 28.040000 139.670000 5.800000
43.000000 -11.750000 -75.150000 5.800000
40.000000 -33.150000 -71.690000 5.800000
80.000000 -6.730000 129.840000 6.000000
8.000000 12.580000 122.090000 5.900000
190.000000 -5.000000 145.580000 6.100000
33.000000 -2.510000 146.030000 6.200000
38.000000 -4.210000 152.710000 5.800000
37.000000 11.260000 139.570000 6.300000
160.000000 31.070000 130.100000 6.200000
20.000000 34.010000 141.640000 6.500000
10.000000 -7.410000 27.880000 5.800000
52.000000 7.090000 123.590000 6.000000
44.000000 -30.570000 -178.060000 5.900000
50.000000 -13.640000 165.960000 6.000000
59.000000 -4.700000 103.040000 5.900000
51.000000 -5.150000 134.150000 5.900000
27.000000 -61.110000 -55.540000 5.900000
10.000000 39.050000 44.040000 6.100000
50.000000 -30.680000 -71.200000 6.200000
17.000000 -23.000000 170.600000 5.900000
209.000000 36.420000 70.750000 6.200000
50.000000 53.890000 160.680000 6.100000
33.000000 10.090000 125.900000 6.000000
47.000000 49.130000 155.970000 5.800000
0.000000 49.890000 78.980000 6.100000
316.000000 16.570000 145.480000 5.800000
49.000000 54.040000 160.930000 5.900000
39.000000 -15.330000 -173.480000 5.800000
46.000000 -32.640000 -71.670000 5.800000
39.000000 32.150000 131.980000 6.100000
26.000000 19.730000 147.340000 6.200000
33.000000 -7.970000 102.270000 5.800000
32.000000 0.520000 -29.470000 5.900000
114.000000 15.540000 -92.650000 5.800000
12.000000 -20.450000 -173.960000 6.100000
115.000000 -10.450000 161.340000 5.900000
23.000000 56.420000 -152.010000 6.100000
25.000000 6.320000 127.380000 5.900000
30.000000 12.500000 126.060000 6.100000
125.000000 42.530000 141.750000 5.900000
58.000000 -15.240000 167.300000 5.800000
16.000000 40.660000 122.630000 6.100000
24.000000 51.310000 177.910000 5.800000
50.000000 44.560000 149.580000 6.000000
0.000000 73.390000 54.650000 6.300000
33.000000 -14.030000 166.220000 6.000000
406.000000 27.220000 140.290000 6.000000
122.000000 -14.990000 167.300000 5.800000
20.000000 -15.080000 -173.120000 6.500000
20.000000 -6.590000 153.470000 5.800000
116.000000 -4.750000 151.840000 5.900000
28.000000 37.490000 115.060000 5.900000
26.000000 -4.070000 127.900000 5.900000
48.000000 18.530000 -102.930000 6.100000
43.000000 53.140000 -161.850000 6.500000
28.000000 -29.890000 -71.400000 6.100000
99.000000 -16.000000 -71.880000 5.800000
21.000000 -14.020000 -14.490000 5.800000
33.000000 -53.820000 158.840000 6.200000
1.000000 32.380000 78.500000 6.200000
36.000000 -7.380000 154.690000 5.800000
131.000000 -20.300000 169.610000 6.100000
21.000000 42.090000 84.580000 5.800000
16.000000 51.990000 179.950000 5.900000
105.000000 -6.200000 146.100000 5.800000
20.000000 47.090000 153.770000 5.900000
0.000000 71.420000 -10.390000 5.900000
40.000000 51.470000 -176.810000 5.800000
62.000000 -6.550000 155.000000 5.900000
554.000000 27.900000 137.040000 6.200000
2.000000 44.380000 149.420000 5.800000
537.000000 -5.760000 111.290000 5.800000
598.000000 24.130000 142.410000 5.800000
159.000000 29.740000 129.380000 5.800000
46.000000 46.010000 152.880000 5.900000
25.000000 -15.270000 -175.450000 5.900000
105.000000 -0.090000 123.950000 5.800000
230.000000 36.640000 71.260000 5.800000
111.000000 47.880000 153.750000 6.000000
36.000000 -6.860000 -80.420000 5.800000
75.000000 -8.050000 108.790000 5.800000
59.000000 -4.500000 153.530000 5.800000
10.000000 34.020000 141.660000 5.800000
595.000000 -7.080000 124.280000 5.800000
48.000000 -13.610000 166.660000 6.200000
34.000000 -30.630000 -177.600000 5.800000
86.000000 45.830000 26.720000 6.100000
5.000000 42.040000 -112.410000 5.800000
150.000000 9.570000 -72.630000 5.800000
53.000000 -6.100000 154.440000 5.900000
115.000000 -5.750000 145.390000 6.200000
41.000000 43.120000 145.740000 6.500000
127.000000 -19.380000 169.130000 6.100000
86.000000 -15.860000 -172.970000 5.900000
64.000000 1.000000 126.020000 5.800000
629.000000 -21.000000 -178.990000 6.100000
0.000000 -2.250000 141.100000 5.800000
37.000000 -21.500000 169.610000 6.000000
12.000000 52.930000 171.450000 5.800000
45.000000 -6.610000 105.400000 5.900000
118.000000 44.550000 146.670000 6.300000
195.000000 28.960000 128.230000 6.000000
8.000000 6.220000 124.110000 6.400000
108.000000 17.040000 -94.610000 6.200000
58.000000 -4.340000 153.120000 5.800000
25.000000 40.490000 139.050000 5.900000
40.000000 -8.320000 115.920000 6.000000
25.000000 -10.620000 165.060000 6.000000
10.000000 -7.600000 126.260000 5.800000
148.000000 3.630000 125.920000 5.900000
138.000000 44.380000 146.710000 5.800000
39.000000 -5.130000 133.910000 5.800000
63.000000 -6.840000 155.410000 6.200000
0.000000 70.840000 53.530000 6.700000
29.000000 43.870000 87.740000 6.200000
30.000000 -20.570000 -173.840000 5.900000
87.000000 -16.130000 -173.950000 5.900000
33.000000 37.300000 71.070000 5.900000
10.000000 -4.760000 -112.010000 5.900000
112.000000 -7.900000 109.000000 5.800000
74.000000 -6.220000 154.850000 5.800000
44.000000 53.540000 169.960000 6.100000
422.000000 -18.700000 -178.040000 6.000000
88.000000 -9.190000 114.260000 6.000000
8.000000 43.460000 147.910000 5.800000
190.000000 -1.730000 -76.730000 5.900000
31.000000 40.220000 139.040000 6.200000
402.000000 47.310000 145.750000 5.800000
42.000000 -28.210000 -114.060000 5.900000
221.000000 -19.440000 -175.830000 6.000000
44.000000 -60.690000 -25.410000 6.100000
27.000000 0.660000 126.080000 6.000000
42.000000 -1.520000 -15.370000 6.000000
52.000000 6.740000 123.740000 6.300000
33.000000 47.410000 152.260000 6.100000
45.000000 -56.270000 -27.070000 6.100000
0.000000 49.890000 78.860000 6.100000
74.000000 -5.320000 151.520000 5.800000
34.000000 33.370000 57.440000 6.400000
527.000000 27.870000 139.510000 5.800000
46.000000 53.480000 -161.390000 6.000000
51.000000 3.910000 96.560000 5.800000
138.000000 -14.920000 167.140000 5.800000
36.000000 -53.590000 -28.260000 5.800000
41.000000 43.440000 147.820000 6.500000
193.000000 -6.140000 129.690000 5.800000
65.000000 18.220000 -98.200000 6.300000
34.000000 40.300000 28.230000 5.900000
23.000000 27.400000 87.840000 5.800000
48.000000 44.410000 149.580000 6.000000
32.000000 -13.490000 166.540000 5.900000
41.000000 49.160000 155.310000 5.900000
33.000000 -11.100000 119.090000 5.900000
7.000000 1.160000 120.890000 5.800000
3.000000 -14.600000 167.410000 5.900000
52.000000 7.330000 123.540000 5.800000
33.000000 -10.870000 164.220000 6.000000
1.000000 24.000000 -65.700000 6.300000
229.000000 29.280000 128.100000 6.100000
119.000000 -11.870000 166.550000 6.500000
99.000000 -29.600000 -69.420000 5.800000
43.000000 -37.230000 179.810000 5.900000
33.000000 -5.510000 -77.300000 5.800000
126.000000 -20.780000 169.850000 5.900000
38.000000 -6.880000 150.030000 6.300000
41.000000 -0.280000 12.830000 5.900000
103.000000 -21.550000 -176.390000 6.100000
9.000000 34.080000 59.800000 6.200000
0.000000 -21.860000 -138.920000 5.900000
33.000000 -60.460000 -24.910000 6.200000
60.000000 -7.150000 129.830000 6.000000
0.000000 47.870000 48.060000 6.000000
331.000000 -30.540000 -178.030000 5.900000
46.000000 16.820000 -98.460000 5.800000
522.000000 -23.700000 179.990000 6.000000
46.000000 45.090000 76.960000 5.800000
49.000000 38.410000 142.180000 5.800000
21.000000 18.930000 120.130000 5.800000
66.000000 -7.930000 159.050000 5.800000
171.000000 -4.860000 151.550000 6.100000
18.000000 -56.800000 -68.420000 5.900000
57.000000 -32.170000 -71.430000 6.200000
181.000000 11.910000 -85.980000 6.200000
47.000000 -22.910000 -175.300000 5.800000
54.000000 44.510000 149.550000 5.800000
58.000000 -5.970000 144.380000 6.300000
72.000000 -7.900000 158.680000 5.900000
274.000000 -29.410000 -179.030000 6.100000
30.000000 35.680000 73.600000 6.100000
4.000000 34.950000 23.050000 5.800000
441.000000 31.990000 137.610000 6.500000
0.000000 49.850000 78.870000 6.100000
36.000000 -0.470000 -19.930000 6.000000
41.000000 -3.210000 139.690000 6.500000
14.000000 35.970000 -10.580000 6.500000
1.000000 1.200000 126.340000 6.100000
20.000000 32.840000 142.430000 5.800000
164.000000 -6.600000 130.150000 5.900000
27.000000 -1.860000 120.100000 5.900000
20.000000 43.520000 146.720000 6.300000
89.000000 8.900000 93.030000 6.300000
54.000000 -9.930000 -78.460000 6.000000
43.000000 19.890000 120.540000 6.200000
12.000000 38.400000 139.260000 6.200000
45.000000 -4.200000 152.840000 5.800000
37.000000 -1.470000 126.500000 5.900000
47.000000 23.170000 122.000000 6.500000
0.000000 38.750000 -27.750000 6.000000
0.000000 49.890000 78.900000 6.100000
29.000000 -10.590000 -79.670000 6.200000
27.000000 15.930000 -46.690000 5.800000
22.000000 16.930000 120.190000 5.800000
0.000000 49.880000 78.960000 5.800000
0.000000 19.500000 -60.000000 5.800000
0.000000 49.910000 78.910000 6.000000
52.000000 -3.240000 139.840000 5.800000
3.000000 -6.000000 150.750000 5.900000
3.000000 -0.950000 128.470000 5.900000
58.000000 7.210000 123.530000 5.800000
36.000000 44.220000 148.870000 6.200000
15.000000 40.350000 63.360000 6.400000
46.000000 -7.350000 155.820000 5.800000
62.000000 44.110000 148.620000 6.400000
32.000000 11.400000 57.520000 5.800000
13.000000 36.740000 54.810000 6.000000
107.000000 -5.600000 154.290000 6.000000
30.000000 -3.410000 102.580000 5.800000
27.000000 36.230000 -7.610000 6.200000
30.000000 43.580000 -127.890000 6.100000
46.000000 44.010000 147.780000 5.800000
10.000000 13.150000 -87.560000 5.900000
45.000000 -7.890000 156.240000 5.800000
50.000000 33.380000 140.970000 6.500000
3.000000 41.420000 79.240000 5.800000
15.000000 71.490000 -10.360000 6.000000
58.000000 61.920000 -149.720000 5.900000
49.000000 27.470000 128.580000 5.900000
177.000000 -17.150000 -174.070000 6.000000
45.000000 41.370000 143.440000 6.500000
33.000000 57.200000 -153.000000 5.800000
209.000000 -15.440000 -70.050000 5.900000
166.000000 -23.810000 -67.200000 6.000000
72.000000 -6.990000 147.390000 5.900000
30.000000 -38.030000 -72.780000 6.200000
39.000000 35.060000 24.310000 5.900000
424.000000 -19.500000 -177.700000 6.000000
23.000000 7.030000 -104.240000 6.100000
15.000000 -9.810000 119.290000 5.800000
22.000000 34.430000 25.040000 5.800000
67.000000 -24.930000 -68.680000 6.000000
137.000000 -15.040000 167.280000 6.000000
27.000000 53.250000 -166.780000 5.800000
37.000000 37.710000 48.950000 6.000000
33.000000 -33.490000 -177.310000 6.000000
33.000000 -40.120000 -74.680000 5.800000
33.000000 -30.840000 -178.200000 6.000000
61.000000 -34.000000 -71.450000 6.200000
116.000000 -7.020000 129.610000 5.800000
6.000000 38.430000 119.470000 5.900000
67.000000 -0.360000 124.730000 6.000000
42.000000 -5.510000 151.910000 5.900000
89.000000 -4.000000 -79.400000 5.800000
116.000000 -31.400000 -110.990000 5.800000
61.000000 -5.450000 152.020000 5.800000
10.000000 37.590000 -17.410000 5.900000
48.000000 48.210000 154.330000 6.000000
5.000000 44.740000 149.150000 6.200000
60.000000 -5.880000 154.310000 5.900000
320.000000 21.570000 143.100000 5.900000
54.000000 -11.210000 118.430000 5.800000
159.000000 -4.350000 153.450000 6.900000
69.000000 35.530000 140.150000 5.900000
25.000000 -14.320000 171.290000 5.900000
39.000000 41.790000 143.500000 5.800000
126.000000 28.950000 140.940000 6.200000
122.000000 -8.620000 -74.550000 5.900000
38.000000 -9.420000 159.340000 5.800000
232.000000 -17.070000 168.560000 6.000000
27.000000 -60.330000 -27.250000 5.900000
43.000000 7.150000 84.330000 5.800000
10.000000 0.970000 -28.440000 6.100000
12.000000 -2.090000 138.960000 5.900000
33.000000 -7.000000 155.780000 5.800000
22.000000 3.520000 95.910000 5.800000
33.000000 -22.460000 -174.610000 5.800000
0.000000 43.810000 54.820000 6.000000
16.000000 41.680000 144.260000 5.900000
0.000000 -5.180000 96.890000 5.900000
119.000000 1.810000 127.450000 5.800000
0.000000 23.860000 -45.570000 5.800000
103.000000 10.760000 -62.700000 6.200000
7.000000 65.460000 -150.070000 6.000000
102.000000 -22.090000 170.900000 6.000000
23.000000 29.630000 81.090000 6.100000
2.000000 60.250000 -146.710000 5.800000
41.000000 -33.070000 -68.580000 5.800000
2.000000 -45.600000 96.190000 5.800000
34.000000 18.270000 119.200000 5.900000
43.000000 -13.890000 166.530000 5.800000
51.000000 -32.160000 -71.400000 6.000000
10.000000 -35.100000 54.260000 6.000000
7.000000 53.740000 -164.700000 5.900000
10.000000 -11.020000 163.450000 6.000000
200.000000 -16.710000 -174.660000 5.900000
21.000000 43.530000 147.040000 6.600000
33.000000 7.180000 123.550000 5.800000
21.000000 -31.240000 -67.900000 5.900000
69.000000 -7.010000 155.750000 5.800000
33.000000 -27.970000 -70.300000 5.900000
38.000000 51.270000 -179.170000 5.900000
36.000000 -14.450000 166.870000 6.300000
29.000000 9.500000 126.600000 5.800000
24.000000 -9.500000 159.260000 6.000000
33.000000 -16.290000 178.200000 5.900000
77.000000 -6.020000 154.560000 5.900000
19.000000 27.420000 91.860000 5.800000
26.000000 39.170000 41.560000 5.800000
62.000000 43.880000 146.720000 6.000000
20.000000 33.900000 139.450000 5.800000
122.000000 -5.020000 153.650000 5.900000
0.000000 -5.070000 102.330000 5.900000
71.000000 -8.030000 158.940000 6.200000
24.000000 41.950000 83.380000 5.800000
47.000000 23.410000 143.710000 5.800000
33.000000 -16.790000 -172.020000 6.400000
160.000000 6.840000 -73.090000 5.900000
0.000000 49.940000 78.850000 6.100000
55.000000 -10.140000 -78.600000 5.800000
50.000000 -4.430000 102.000000 6.000000
15.000000 17.380000 -59.630000 5.800000
23.000000 -35.590000 -74.540000 5.800000
42.000000 7.990000 126.950000 5.900000
25.000000 42.480000 143.040000 6.300000
0.000000 70.810000 53.910000 6.400000
25.000000 7.480000 -78.280000 6.200000
33.000000 -3.410000 139.550000 5.900000
43.000000 56.140000 -157.140000 6.000000
578.000000 50.060000 148.770000 5.900000
46.000000 -5.540000 153.360000 6.200000
45.000000 44.090000 148.680000 5.800000
17.000000 16.470000 -98.860000 5.900000
0.000000 60.330000 -140.940000 5.800000
34.000000 23.050000 122.140000 6.000000
28.000000 -42.900000 -75.130000 6.000000
26.000000 -3.920000 -81.410000 5.900000
49.000000 -15.570000 167.240000 6.300000
28.000000 53.640000 169.740000 5.800000
336.000000 3.860000 124.260000 6.200000
22.000000 14.170000 96.120000 5.900000
103.000000 -6.210000 146.660000 5.900000
21.000000 41.410000 20.440000 5.900000
156.000000 -6.930000 129.520000 6.300000
0.000000 -17.060000 -172.280000 6.500000
74.000000 27.800000 60.020000 6.100000
52.000000 -3.250000 142.330000 5.800000
0.000000 49.980000 79.020000 5.900000
0.000000 -21.860000 -139.000000 5.800000
49.000000 -3.880000 35.060000 6.300000
42.000000 43.250000 146.750000 5.800000
165.000000 40.320000 140.380000 6.000000
82.000000 5.710000 94.720000 6.500000
577.000000 -27.620000 -63.150000 5.900000
386.000000 33.620000 136.800000 6.400000
170.000000 -6.110000 129.910000 5.800000
647.000000 -17.740000 -178.050000 5.800000
11.000000 17.460000 119.800000 6.000000
5.000000 -26.550000 -70.620000 6.300000
182.000000 -14.600000 167.310000 6.500000
10.000000 -52.890000 -46.980000 5.800000
40.000000 0.530000 98.720000 6.200000
35.000000 59.790000 -148.670000 6.200000
23.000000 -28.780000 -177.390000 6.200000
0.000000 49.940000 78.980000 6.000000
7.000000 44.340000 150.850000 6.000000
26.000000 41.520000 142.820000 6.400000
0.000000 49.920000 78.800000 6.000000
5.000000 15.280000 -89.190000 6.000000
33.000000 8.140000 137.210000 6.100000
567.000000 41.930000 130.990000 6.300000
59.000000 -13.740000 166.740000 6.000000
29.000000 20.730000 146.290000 5.800000
0.000000 49.910000 78.940000 6.000000
254.000000 46.290000 146.270000 5.800000
27.000000 -5.590000 151.070000 6.100000
49.000000 -12.410000 166.430000 5.900000
592.000000 -27.960000 -62.820000 6.000000
69.000000 -22.910000 -175.740000 6.300000
27.000000 39.500000 117.730000 6.000000
599.000000 -27.970000 -62.900000 5.900000
50.000000 -8.360000 121.460000 5.900000
35.000000 -22.340000 -113.980000 5.800000
16.000000 57.390000 -153.970000 6.100000
19.000000 28.700000 52.120000 5.900000
7.000000 -41.130000 -74.990000 6.100000
50.000000 29.960000 80.460000 5.800000
26.000000 11.830000 142.520000 5.800000
91.000000 53.950000 -166.820000 5.800000
35.000000 -2.840000 119.570000 5.900000
5.000000 43.120000 146.560000 6.000000
82.000000 60.150000 -152.820000 6.000000
33.000000 -9.810000 159.850000 6.200000
48.000000 24.100000 122.440000 5.800000
70.000000 -37.840000 176.730000 6.300000
49.000000 -35.210000 -179.320000 6.200000
33.000000 19.570000 -69.580000 5.900000
27.000000 -34.740000 81.880000 5.900000
10.000000 -11.100000 162.170000 5.900000
54.000000 -24.600000 -70.180000 5.800000
50.000000 -8.750000 124.040000 6.200000
107.000000 -31.370000 -68.610000 5.800000
21.000000 -25.880000 -175.900000 6.300000
10.000000 -39.710000 -75.700000 6.000000
48.000000 -2.960000 139.340000 5.900000
37.000000 15.300000 -45.780000 5.800000
10.000000 39.560000 117.870000 6.100000
43.000000 -5.740000 152.130000 5.900000
72.000000 43.260000 147.390000 5.900000
46.000000 33.150000 141.060000 6.000000
75.000000 39.780000 141.910000 5.800000
545.000000 5.660000 123.590000 5.900000
38.000000 43.610000 147.180000 6.500000
74.000000 12.570000 144.240000 5.800000
43.000000 24.130000 122.390000 5.800000
5.000000 66.250000 -16.540000 5.900000
45.000000 -9.160000 -78.880000 6.100000
4.000000 42.050000 19.050000 6.100000
34.000000 78.150000 126.650000 6.200000
117.000000 13.820000 144.790000 6.000000
62.000000 49.990000 156.310000 5.900000
0.000000 56.190000 163.310000 6.200000
49.000000 52.580000 -168.130000 5.900000
99.000000 -8.700000 124.000000 5.800000
81.000000 6.510000 126.650000 5.900000
0.000000 49.860000 78.940000 6.100000
21.000000 11.860000 142.350000 6.200000
10.000000 -51.150000 160.640000 6.200000
13.000000 51.540000 -173.110000 5.800000
111.000000 -4.260000 -77.010000 6.200000
6.000000 -2.400000 125.980000 6.500000
31.000000 -9.650000 151.400000 5.900000
75.000000 -5.160000 130.450000 5.800000
12.000000 -25.190000 -175.550000 5.900000
0.000000 49.940000 78.860000 6.200000
40.000000 -3.060000 139.620000 6.200000
31.000000 26.700000 97.040000 6.200000
68.000000 6.800000 126.750000 5.900000
425.000000 -6.760000 126.740000 6.000000
60.000000 11.780000 125.500000 6.100000
376.000000 -7.470000 125.560000 6.100000
68.000000 36.010000 139.330000 5.800000
46.000000 50.860000 157.430000 6.100000
98.000000 -14.770000 167.120000 6.300000
23.000000 27.570000 56.300000 5.900000
0.000000 49.880000 78.890000 6.100000
52.000000 51.380000 -177.850000 5.800000
101.000000 -6.210000 130.390000 6.300000
55.000000 -29.320000 -177.240000 5.900000
46.000000 55.030000 -159.190000 5.900000
30.000000 60.700000 -145.380000 5.800000
37.000000 -20.640000 172.570000 5.800000
56.000000 -5.190000 152.190000 5.900000
178.000000 7.130000 126.580000 5.900000
39.000000 -3.100000 148.000000 6.200000
153.000000 -14.530000 -70.800000 5.900000
70.000000 -10.580000 161.390000 6.000000
10.000000 -3.790000 134.010000 5.800000
189.000000 -34.850000 178.790000 6.100000
45.000000 -9.280000 -79.050000 5.900000
58.000000 44.450000 148.840000 6.000000
46.000000 -7.110000 148.310000 6.100000
26.000000 12.460000 114.450000 5.800000
75.000000 -0.520000 122.210000 5.800000
56.000000 -55.720000 -28.750000 6.200000
569.000000 8.730000 124.030000 5.800000
101.000000 -13.310000 -74.940000 5.900000
99.000000 -29.860000 -69.500000 5.800000
0.000000 -7.020000 30.900000 6.000000
41.000000 1.400000 126.270000 6.100000
606.000000 -20.700000 -178.650000 5.900000
544.000000 -27.280000 -63.270000 5.800000
23.000000 -15.160000 -173.640000 5.900000
11.000000 11.850000 -13.510000 6.300000
43.000000 -2.830000 118.760000 6.000000
44.000000 44.670000 150.280000 5.900000
75.000000 -5.140000 154.740000 5.900000
83.000000 -7.000000 155.810000 5.900000
9.000000 36.210000 -120.360000 6.000000
14.000000 53.020000 171.350000 5.900000
600.000000 -9.520000 -71.220000 5.800000
28.000000 1.620000 -79.340000 6.200000
643.000000 52.360000 151.640000 6.500000
39.000000 17.700000 147.650000 6.200000
22.000000 -1.050000 146.480000 5.900000
518.000000 26.290000 140.700000 6.100000
36.000000 -16.730000 179.990000 6.100000
68.000000 -32.420000 -71.100000 6.400000
68.000000 -4.720000 152.560000 5.900000
0.000000 -37.620000 179.460000 5.800000
18.000000 -3.310000 139.910000 6.200000
88.000000 24.560000 122.530000 5.900000
51.000000 29.410000 130.640000 6.100000
549.000000 38.780000 130.090000 6.100000
154.000000 1.900000 128.200000 5.900000
571.000000 -26.060000 -63.100000 5.800000
60.000000 10.360000 125.870000 6.000000
74.000000 -5.400000 152.070000 5.900000
26.000000 18.230000 120.800000 6.100000
17.000000 7.220000 122.990000 6.200000
9.000000 40.860000 143.380000 6.100000
25.000000 -14.910000 -172.830000 5.900000
260.000000 -0.070000 122.520000 6.100000
33.000000 -10.890000 119.170000 5.800000
29.000000 22.550000 122.370000 6.200000
23.000000 57.560000 -153.920000 5.800000
139.000000 -14.750000 167.280000 5.800000
45.000000 -13.400000 166.440000 6.100000
0.000000 49.930000 78.980000 6.100000
10.000000 -18.850000 67.330000 6.100000
49.000000 -14.920000 -172.880000 6.000000
20.000000 -30.010000 -177.630000 5.900000
599.000000 -6.100000 113.360000 6.000000
45.000000 43.590000 147.630000 5.900000
33.000000 -5.610000 131.430000 5.800000
46.000000 43.140000 147.440000 6.200000
25.000000 35.310000 23.290000 5.800000
53.000000 10.110000 92.930000 5.900000
20.000000 -16.660000 -172.010000 5.800000
7.000000 36.240000 -120.270000 6.100000
97.000000 0.750000 122.610000 6.000000
32.000000 -2.300000 99.010000 5.900000
13.000000 19.930000 121.340000 6.000000
164.000000 -5.600000 148.350000 5.900000
36.000000 -9.840000 -75.550000 5.800000
56.000000 27.490000 128.480000 5.800000
109.000000 -4.500000 144.100000 5.900000
92.000000 17.890000 -68.610000 5.900000
24.000000 -14.660000 166.410000 6.000000
47.000000 38.760000 142.220000 5.800000
82.000000 44.700000 148.170000 6.100000
33.000000 -32.980000 -71.870000 5.800000
23.000000 45.350000 150.500000 5.900000
197.000000 36.480000 70.950000 6.300000
14.000000 -31.400000 -110.840000 5.900000
59.000000 -5.410000 151.570000 6.000000
44.000000 52.210000 158.950000 5.800000
18.000000 30.660000 141.780000 5.900000
94.000000 55.790000 161.330000 6.400000
33.000000 -5.360000 151.860000 6.000000
19.000000 -7.530000 128.600000 5.800000
5.000000 41.150000 -124.300000 5.900000
10.000000 24.840000 -46.290000 5.800000
11.000000 -16.850000 174.900000 5.800000
19.000000 12.000000 41.350000 5.800000
40.000000 6.930000 124.040000 5.900000
62.000000 42.050000 142.660000 5.900000
15.000000 -10.010000 150.200000 6.000000
568.000000 49.050000 146.630000 5.800000
587.000000 -21.660000 -179.420000 5.800000
24.000000 46.410000 153.390000 6.000000
40.000000 16.730000 122.290000 6.200000
41.000000 8.240000 122.360000 5.900000
122.000000 -7.280000 129.160000 5.900000
28.000000 52.730000 171.990000 5.800000
33.000000 -9.760000 160.690000 6.700000
21.000000 12.150000 143.820000 6.000000
38.000000 -22.590000 171.020000 6.000000
10.000000 43.560000 -127.700000 6.000000
71.000000 -13.400000 166.700000 6.000000
37.000000 -7.530000 156.500000 5.900000
7.000000 -25.980000 -67.720000 5.800000
2.000000 40.140000 24.750000 6.000000
14.000000 41.420000 79.200000 5.800000
26.000000 44.060000 148.090000 5.800000
43.000000 8.690000 127.350000 6.100000
48.000000 17.450000 -100.650000 6.000000
12.000000 50.190000 91.240000 5.900000
140.000000 -15.440000 167.480000 5.800000
91.000000 -10.310000 161.420000 6.200000
83.000000 -22.490000 -68.260000 6.600000
64.000000 -11.780000 166.310000 6.100000
32.000000 -26.370000 -71.780000 6.100000
22.000000 -5.100000 145.130000 6.200000
27.000000 47.790000 146.540000 5.800000
54.000000 33.450000 141.000000 5.800000
20.000000 -33.780000 -177.830000 6.200000
10.000000 -29.680000 60.830000 6.000000
10.000000 62.220000 -124.270000 6.400000
55.000000 -15.430000 -173.300000 6.000000
29.000000 -3.740000 131.390000 5.900000
60.000000 -13.520000 166.590000 6.000000
94.000000 -11.540000 -74.520000 5.800000
185.000000 -18.950000 168.890000 5.800000
113.000000 37.160000 71.640000 5.800000
4.000000 38.550000 28.460000 5.900000
31.000000 -36.410000 -98.820000 5.800000
38.000000 -30.020000 -177.470000 5.900000
17.000000 -8.980000 157.910000 5.800000
56.000000 51.460000 -179.950000 6.100000
24.000000 -4.560000 139.280000 6.000000
10.000000 -51.880000 161.080000 5.800000
52.000000 16.450000 122.310000 6.100000
46.000000 -15.940000 167.530000 6.300000
18.000000 35.780000 137.490000 6.000000
43.000000 51.310000 -179.230000 6.000000
31.000000 11.710000 -85.860000 5.800000
10.000000 -29.930000 -177.620000 6.200000
24.000000 30.610000 103.050000 5.800000
54.000000 -6.260000 147.590000 5.900000
26.000000 43.280000 146.430000 6.300000
23.000000 -25.510000 -70.740000 6.600000
48.000000 -33.790000 -179.580000 6.000000
56.000000 12.210000 125.290000 6.000000
22.000000 -6.050000 152.630000 5.800000
44.000000 -5.660000 153.920000 5.800000
10.000000 33.960000 59.530000 5.900000
41.000000 39.810000 77.220000 5.800000
46.000000 52.680000 -166.970000 6.000000
25.000000 37.650000 136.900000 5.800000
43.000000 36.400000 141.440000 5.800000
12.000000 7.760000 -77.570000 6.400000
11.000000 2.180000 126.650000 5.900000
49.000000 -6.080000 148.770000 5.900000
179.000000 0.200000 123.630000 5.900000
20.000000 16.580000 -98.340000 6.000000
60.000000 39.250000 24.600000 6.000000
48.000000 39.290000 22.910000 5.800000
42.000000 51.310000 -178.500000 5.800000
0.000000 73.400000 54.420000 5.900000
12.000000 66.220000 -149.980000 5.800000
103.000000 -18.650000 -69.380000 6.000000
4.000000 58.260000 -151.250000 6.100000
33.000000 -27.930000 173.130000 6.200000
35.000000 -18.520000 168.150000 5.800000
77.000000 -33.760000 -71.190000 5.800000
127.000000 -15.560000 167.620000 6.400000
33.000000 -4.580000 140.130000 6.300000
26.000000 -15.860000 167.360000 5.900000
39.000000 31.080000 131.430000 6.100000
83.000000 13.290000 -89.390000 6.000000
108.000000 1.800000 127.280000 5.800000
7.000000 34.770000 -121.350000 5.900000
76.000000 -4.600000 153.220000 6.000000
517.000000 -21.950000 -63.650000 6.100000
92.000000 -9.000000 117.950000 5.900000
10.000000 -51.940000 -74.140000 5.900000
0.000000 49.830000 78.710000 6.000000
83.000000 9.800000 125.910000 5.800000
517.000000 -23.880000 180.000000 6.200000
8.000000 -30.030000 -177.730000 6.100000
112.000000 6.330000 126.900000 6.000000
10.000000 46.990000 -66.650000 5.800000
24.000000 54.730000 161.700000 5.900000
565.000000 -17.820000 -178.790000 5.800000
37.000000 39.250000 140.710000 5.800000
50.000000 31.490000 80.500000 6.000000
243.000000 -18.790000 169.290000 6.200000
18.000000 -4.520000 146.200000 6.000000
16.000000 40.480000 139.090000 6.600000
33.000000 -15.490000 167.100000 6.300000
93.000000 -9.840000 123.960000 5.800000
40.000000 0.550000 126.060000 6.000000
48.000000 36.470000 141.240000 5.900000
41.000000 28.110000 129.520000 6.000000
528.000000 -6.590000 116.180000 5.800000
62.000000 -4.260000 143.550000 5.800000
36.000000 7.330000 123.400000 6.200000
51.000000 10.060000 -77.890000 5.800000
0.000000 73.400000 54.570000 6.400000
180.000000 -24.050000 -66.840000 5.900000
43.000000 13.810000 146.360000 5.800000
45.000000 35.050000 72.910000 5.900000
0.000000 49.880000 78.960000 5.900000
33.000000 -9.520000 118.350000 6.000000
41.000000 -61.100000 -38.010000 6.200000
62.000000 33.340000 140.820000 6.700000
23.000000 -2.640000 126.040000 5.800000
33.000000 -31.780000 57.320000 5.800000
8.000000 -47.530000 32.260000 5.800000
8.000000 22.760000 121.470000 6.000000
28.000000 -25.180000 -70.540000 5.800000
11.000000 29.990000 57.770000 5.900000
231.000000 36.480000 70.150000 5.900000
34.000000 -5.260000 153.460000 5.800000
10.000000 -30.900000 -13.530000 5.800000
0.000000 23.090000 120.580000 6.200000
48.000000 -15.350000 -175.600000 5.900000
14.000000 40.350000 63.450000 6.200000
51.000000 -30.670000 -178.030000 5.900000
10.000000 -31.380000 -110.790000 5.900000
22.000000 56.650000 -152.820000 5.800000
14.000000 46.540000 141.150000 6.000000
30.000000 -19.860000 -173.040000 5.900000
16.000000 52.370000 174.330000 5.900000
33.000000 -22.890000 -175.820000 5.900000
153.000000 7.850000 126.380000 6.000000
10.000000 44.100000 -113.810000 6.100000
60.000000 38.830000 142.030000 6.000000
33.000000 -45.100000 166.680000 5.800000
504.000000 -23.930000 179.880000 6.000000
22.000000 40.390000 139.050000 6.300000
10.000000 -55.420000 160.230000 5.900000
40.000000 15.780000 121.710000 6.500000
326.000000 -23.680000 -178.300000 5.800000
411.000000 -33.020000 -179.960000 5.800000
119.000000 -4.110000 142.880000 5.900000
74.000000 36.470000 76.860000 6.000000
74.000000 -11.040000 119.170000 5.800000
7.000000 39.400000 24.940000 6.000000
36.000000 -6.480000 154.640000 5.800000
43.000000 25.730000 128.500000 6.500000
82.000000 6.780000 126.660000 5.800000
9.000000 41.500000 143.840000 6.400000
103.000000 -9.870000 161.180000 5.800000
7.000000 39.340000 72.560000 5.900000
62.000000 53.260000 -165.650000 6.000000
85.000000 -11.730000 166.380000 5.900000
42.000000 36.310000 143.300000 6.000000
32.000000 -6.150000 153.050000 5.900000
21.000000 -7.470000 154.680000 5.900000
49.000000 -2.730000 139.330000 5.900000
72.000000 4.770000 127.500000 5.900000
596.000000 -20.820000 -178.670000 5.900000
6.000000 48.840000 -129.130000 5.800000
42.000000 -15.360000 -173.090000 5.800000
104.000000 -6.760000 107.040000 6.000000
0.000000 -5.880000 151.860000 6.500000
22.000000 7.790000 135.760000 5.900000
190.000000 36.520000 71.050000 6.200000
33.000000 -48.950000 164.460000 6.100000
50.000000 46.220000 153.140000 6.000000
429.000000 -32.360000 179.880000 5.900000
36.000000 51.290000 178.550000 6.100000
0.000000 49.950000 79.030000 5.900000
7.000000 39.490000 75.270000 6.200000
18.000000 -33.150000 -73.100000 6.200000
1.000000 27.400000 88.800000 6.000000
28.000000 18.180000 -102.010000 6.300000
81.000000 -5.680000 151.470000 6.000000
55.000000 -23.740000 -70.230000 5.800000
193.000000 36.440000 70.860000 5.800000
200.000000 -22.690000 -66.620000 5.800000
33.000000 2.090000 126.550000 5.900000
1.000000 15.790000 -59.640000 6.400000
0.000000 -21.860000 -138.940000 6.000000
56.000000 38.980000 141.930000 6.100000
22.000000 51.290000 -179.850000 6.200000
33.000000 53.610000 161.380000 5.900000
67.000000 29.190000 141.150000 6.200000
7.000000 -17.620000 167.530000 6.200000
2.000000 -7.490000 130.180000 5.800000
11.000000 -0.050000 125.060000 6.000000
76.000000 -25.400000 -69.060000 6.000000
31.000000 -20.460000 -173.890000 5.800000
30.000000 54.730000 -159.650000 6.100000
12.000000 -7.280000 155.630000 6.200000
33.000000 -4.370000 -102.040000 6.000000
0.000000 49.770000 78.080000 5.900000
45.000000 36.440000 141.370000 5.800000
429.000000 30.710000 138.440000 6.100000
37.000000 -5.780000 153.800000 5.900000
9.000000 13.300000 -92.410000 5.800000
39.000000 38.330000 142.200000 5.900000
596.000000 -17.970000 -178.490000 5.900000
33.000000 -56.460000 -142.610000 5.800000
74.000000 -2.990000 101.680000 5.900000
22.000000 51.820000 176.150000 6.300000
653.000000 -1.460000 -72.560000 6.500000
6.000000 61.510000 -147.200000 5.900000
61.000000 6.540000 126.810000 5.900000
60.000000 49.990000 156.330000 5.900000
50.000000 16.140000 -95.250000 6.300000
48.000000 -10.770000 166.250000 5.900000
109.000000 -20.250000 -68.830000 5.900000
54.000000 53.570000 160.530000 6.000000
28.000000 14.480000 51.980000 5.900000
33.000000 -55.190000 -128.870000 5.800000
223.000000 42.650000 139.200000 5.900000
191.000000 -20.610000 -176.320000 5.900000
73.000000 -17.440000 -69.960000 5.900000
0.000000 73.340000 54.500000 6.300000
0.000000 49.920000 78.800000 6.200000
16.000000 -20.940000 -69.810000 5.800000
4.000000 1.020000 120.400000 5.900000
0.000000 49.440000 -129.570000 6.000000
26.000000 -20.240000 168.200000 5.800000
328.000000 -5.740000 128.630000 6.100000
192.000000 36.470000 70.860000 5.800000
37.000000 33.600000 141.380000 5.900000
63.000000 27.480000 128.570000 6.000000
38.000000 54.520000 162.020000 5.900000
38.000000 51.210000 173.620000 5.800000
58.000000 2.270000 121.060000 5.800000
4.000000 -8.100000 125.380000 6.200000
0.000000 55.180000 163.570000 5.800000
69.000000 -12.540000 166.470000 6.000000
103.000000 -33.090000 -70.150000 5.900000
17.000000 28.620000 142.420000 5.900000
95.000000 -15.660000 -72.450000 5.800000
10.000000 43.010000 146.660000 5.800000
43.000000 -0.850000 -22.070000 6.000000
56.000000 -29.020000 -177.420000 6.500000
9.000000 49.880000 78.920000 6.200000
60.000000 -17.620000 -71.270000 5.800000
42.000000 -24.390000 -176.650000 6.000000
29.000000 22.680000 122.840000 6.100000
55.000000 -57.980000 -24.350000 5.800000
43.000000 19.050000 122.120000 6.000000
77.000000 -21.350000 -68.100000 5.900000
135.000000 -15.880000 -174.350000 5.900000
111.000000 -6.540000 146.640000 6.300000
62.000000 -9.980000 162.060000 5.900000
9.000000 34.400000 -118.430000 6.200000
21.000000 46.760000 141.390000 6.100000
0.000000 73.370000 54.840000 5.800000
1.000000 -18.930000 -176.520000 5.800000
39.000000 -3.010000 139.620000 5.900000
18.000000 -31.540000 117.000000 5.900000
26.000000 57.170000 -152.450000 6.000000
62.000000 -15.120000 167.160000 6.200000
94.000000 -56.460000 -27.050000 5.800000
33.000000 -16.220000 -172.470000 6.300000
8.000000 55.150000 -160.570000 5.800000
22.000000 51.260000 -178.950000 6.000000
0.000000 49.870000 78.840000 5.900000
21.000000 -3.380000 143.290000 6.200000
17.000000 -10.680000 161.350000 6.100000
36.000000 -22.670000 171.420000 5.900000
39.000000 27.870000 54.300000 5.900000
60.000000 22.330000 93.580000 6.000000
115.000000 5.890000 125.330000 6.200000
24.000000 34.800000 139.220000 6.200000
12.000000 -36.670000 177.640000 6.000000
14.000000 35.160000 23.560000 5.900000
45.000000 19.110000 121.190000 5.800000
26.000000 55.750000 -155.880000 5.900000
62.000000 -6.030000 154.560000 6.100000
21.000000 31.000000 -41.530000 5.900000
114.000000 5.230000 127.360000 6.200000
45.000000 53.610000 160.490000 5.900000
20.000000 8.430000 127.230000 5.800000
47.000000 -4.830000 102.240000 6.000000
72.000000 6.000000 126.130000 6.000000
38.000000 13.850000 124.320000 6.100000
119.000000 -22.000000 170.910000 6.300000
218.000000 5.130000 125.170000 6.400000
114.000000 -56.450000 -27.700000 5.800000
52.000000 -56.030000 -27.470000 5.900000
613.000000 -9.210000 -71.220000 5.900000
41.000000 -8.170000 114.840000 5.900000
193.000000 -19.410000 169.390000 5.900000
0.000000 47.900000 48.070000 6.000000
136.000000 -6.200000 130.330000 5.800000
52.000000 49.450000 156.580000 5.900000
29.000000 -29.480000 -177.570000 6.400000
11.000000 28.390000 52.780000 6.000000
42.000000 24.240000 122.670000 6.500000
33.000000 -50.010000 -115.100000 5.900000
0.000000 73.390000 54.500000 6.300000
35.000000 -6.140000 152.030000 5.900000
10.000000 -15.370000 166.540000 5.800000
181.000000 -28.250000 -178.270000 6.100000
35.000000 0.530000 134.840000 5.900000
161.000000 4.490000 -75.770000 5.800000
34.000000 -30.500000 -71.380000 5.800000
21.000000 -23.790000 -175.140000 6.100000
0.000000 -58.070000 -10.680000 5.800000
30.000000 39.170000 143.400000 5.800000
44.000000 44.650000 148.990000 6.200000
7.000000 -31.940000 -177.890000 6.000000
48.000000 44.620000 149.690000 5.800000
13.000000 -17.680000 167.800000 5.800000
35.000000 40.830000 139.330000 5.800000
33.000000 -32.950000 -71.600000 5.800000
42.000000 17.420000 -61.190000 6.100000
27.000000 -0.780000 122.220000 6.000000
36.000000 14.010000 124.370000 5.900000
228.000000 -5.430000 146.760000 5.900000
205.000000 36.420000 70.730000 6.400000
29.000000 2.450000 129.130000 6.300000
0.000000 50.330000 -176.860000 5.800000
34.000000 -10.430000 160.890000 6.000000
141.000000 -6.550000 106.770000 5.800000
14.000000 56.850000 -152.690000 5.800000
51.000000 54.250000 -162.510000 5.800000
38.000000 10.430000 -62.710000 5.900000
34.000000 -11.290000 118.100000 5.800000
3.000000 -22.080000 126.650000 6.100000
436.000000 31.930000 137.620000 5.900000
109.000000 -56.020000 -27.980000 5.800000
12.000000 -63.430000 -61.360000 6.000000
51.000000 57.700000 163.560000 6.200000
10.000000 39.960000 24.390000 5.800000
24.000000 -25.870000 -175.370000 6.400000
0.000000 49.970000 79.010000 5.800000
5.000000 40.390000 -126.800000 6.000000
29.000000 -29.510000 25.170000 5.900000
33.000000 -55.730000 -26.040000 5.900000
107.000000 -2.520000 119.220000 5.800000
0.000000 73.350000 54.380000 5.800000
31.000000 8.200000 58.490000 5.900000
42.000000 52.400000 -169.540000 6.000000
55.000000 -18.610000 -174.700000 6.000000
46.000000 -4.440000 152.810000 6.400000
80.000000 -15.750000 -173.650000 6.500000
27.000000 -33.280000 -179.280000 6.000000
38.000000 -13.570000 166.200000 5.900000
125.000000 -17.610000 -174.450000 6.300000
44.000000 13.410000 122.870000 5.900000
105.000000 -56.050000 -27.370000 6.200000
45.000000 36.440000 141.170000 6.000000
167.000000 18.120000 145.830000 5.900000
84.000000 -21.400000 169.870000 6.000000
18.000000 32.490000 104.180000 6.200000
33.000000 40.670000 30.690000 6.000000
5.000000 64.690000 -160.230000 5.800000
19.000000 -4.830000 102.040000 5.800000
38.000000 29.280000 130.440000 5.800000
22.000000 6.510000 -84.440000 5.800000
16.000000 40.550000 139.210000 5.900000
89.000000 -38.270000 177.220000 5.800000
73.000000 -19.420000 -69.330000 6.000000
24.000000 -38.840000 46.430000 5.900000
39.000000 -30.620000 -178.070000 6.200000
56.000000 19.420000 -104.980000 6.000000
0.000000 49.840000 78.920000 5.800000
35.000000 12.910000 125.890000 6.000000
146.000000 -34.280000 -176.530000 6.000000
20.000000 0.510000 97.890000 5.800000
13.000000 -14.560000 166.800000 6.300000
21.000000 -9.550000 152.210000 5.800000
15.000000 37.020000 95.730000 5.800000
1.000000 24.310000 93.520000 5.800000
31.000000 -8.890000 157.950000 5.800000
531.000000 -5.710000 125.420000 6.300000
34.000000 -6.500000 71.400000 6.100000
111.000000 38.330000 73.170000 5.900000
329.000000 46.210000 142.450000 5.900000
50.000000 -10.750000 166.340000 5.900000
85.000000 -10.220000 161.480000 5.900000
12.000000 -3.650000 143.370000 5.800000
25.000000 -33.890000 179.520000 5.800000
70.000000 -8.620000 125.070000 5.800000
51.000000 29.300000 130.410000 5.900000
25.000000 15.080000 122.010000 5.800000
30.000000 -17.590000 -172.310000 6.000000
26.000000 1.350000 126.400000 5.800000
56.000000 34.570000 140.370000 5.800000
159.000000 44.210000 145.450000 6.100000
23.000000 -9.930000 119.600000 5.800000
75.000000 18.250000 -96.580000 6.600000
164.000000 36.480000 71.050000 5.800000
34.000000 22.190000 121.420000 6.400000
33.000000 -10.580000 161.750000 5.800000
44.000000 1.420000 126.360000 6.000000
543.000000 -23.450000 -179.870000 5.900000
45.000000 3.430000 128.010000 6.100000
36.000000 55.200000 161.950000 5.800000
475.000000 28.270000 139.550000 5.800000
60.000000 -9.800000 108.490000 6.000000
12.000000 -18.940000 -173.720000 5.900000
49.000000 43.470000 146.590000 6.300000
0.000000 73.320000 54.550000 6.000000
398.000000 30.890000 138.480000 6.100000
14.000000 60.220000 -141.270000 5.900000
111.000000 36.450000 31.720000 5.800000
79.000000 -6.040000 148.770000 5.800000
102.000000 -23.530000 -177.270000 6.600000
14.000000 -11.120000 125.150000 5.900000
33.000000 -54.740000 -38.300000 5.900000
14.000000 -15.470000 166.910000 5.900000
175.000000 20.450000 122.140000 6.000000
74.000000 -4.670000 153.250000 5.800000
13.000000 10.720000 -41.680000 6.000000
64.000000 -6.390000 154.920000 5.900000
33.000000 -39.850000 87.740000 5.800000
50.000000 -7.310000 -81.270000 5.800000
54.000000 -28.650000 -177.380000 5.900000
35.000000 -17.150000 -171.570000 6.000000
13.000000 -9.290000 158.460000 6.000000
20.000000 -21.890000 -70.070000 6.000000
45.000000 51.340000 -179.290000 5.800000
144.000000 49.450000 154.400000 5.900000
30.000000 -21.660000 169.810000 6.000000
12.000000 54.800000 -161.290000 5.900000
90.000000 2.340000 128.400000 6.600000
27.000000 46.410000 141.160000 5.800000
46.000000 -29.340000 -68.090000 5.900000
34.000000 35.980000 -17.560000 6.500000
87.000000 -6.550000 147.280000 5.800000
10.000000 6.750000 -82.720000 6.100000
11.000000 -22.080000 -174.600000 5.800000
118.000000 -6.390000 146.310000 5.900000
50.000000 33.470000 140.950000 5.900000
196.000000 36.500000 70.580000 5.800000
10.000000 53.080000 173.580000 6.000000
148.000000 18.000000 -64.670000 5.800000
373.000000 -6.440000 127.960000 5.800000
0.000000 49.920000 78.830000 6.200000
40.000000 43.330000 146.030000 5.900000
215.000000 -13.350000 167.130000 5.900000
64.000000 9.200000 126.190000 5.800000
37.000000 -15.250000 -173.530000 5.800000
46.000000 -1.590000 99.950000 5.800000
57.000000 -16.110000 -173.870000 5.800000
31.000000 8.140000 -38.120000 5.800000
217.000000 36.410000 71.150000 5.900000
23.000000 -6.260000 151.860000 5.800000
15.000000 -3.970000 -80.660000 6.300000
37.000000 28.040000 93.750000 5.900000
256.000000 -15.890000 -175.040000 6.100000
13.000000 -26.160000 -70.590000 5.800000
33.000000 -52.770000 160.170000 6.000000
135.000000 -16.960000 -174.610000 6.100000
305.000000 -14.950000 -175.810000 5.900000
25.000000 -11.030000 163.410000 5.800000
36.000000 20.950000 120.260000 6.100000
0.000000 73.310000 54.700000 5.900000
24.000000 -60.750000 -25.600000 6.400000
107.000000 13.840000 145.380000 5.800000
35.000000 -28.780000 -71.190000 5.900000
18.000000 -15.370000 -173.030000 6.000000
39.000000 -22.910000 -70.480000 5.800000
63.000000 17.980000 -97.160000 6.000000
54.000000 -19.090000 168.710000 5.800000
10.000000 -58.470000 -15.970000 6.000000
33.000000 -26.600000 -114.590000 5.800000
15.000000 -3.520000 143.860000 6.000000
38.000000 42.980000 146.200000 5.900000
573.000000 49.470000 147.080000 5.900000
62.000000 50.780000 157.190000 6.000000
33.000000 -16.220000 -173.080000 6.000000
52.000000 33.480000 141.050000 5.900000
32.000000 39.830000 143.160000 5.900000
32.000000 38.240000 23.260000 5.800000
55.000000 56.650000 -156.720000 6.400000
30.000000 52.740000 172.050000 5.800000
33.000000 -4.520000 140.240000 5.900000
110.000000 42.480000 142.150000 6.400000
43.000000 -4.930000 153.180000 6.600000
11.000000 -24.910000 -175.160000 6.400000
0.000000 73.390000 54.910000 6.500000
52.000000 37.770000 141.770000 6.000000
12.000000 -30.520000 -178.010000 5.800000
34.000000 -49.570000 163.930000 5.800000
93.000000 -14.790000 -72.660000 5.800000
98.000000 -56.240000 -27.900000 5.800000
27.000000 42.030000 143.890000 5.800000
43.000000 -13.980000 166.190000 6.200000
36.000000 -1.960000 -80.990000 5.800000
37.000000 -20.030000 168.910000 6.000000
10.000000 1.160000 94.200000 6.200000
32.000000 6.980000 123.890000 5.900000
33.000000 -32.670000 -178.210000 5.800000
5.000000 -15.360000 -173.300000 5.800000
16.000000 44.680000 149.370000 5.900000
72.000000 -31.300000 -177.670000 5.800000
119.000000 -16.310000 -71.660000 6.000000
37.000000 32.480000 132.280000 6.200000
107.000000 36.190000 70.810000 6.000000
36.000000 45.560000 151.620000 5.800000
19.000000 30.710000 141.820000 5.800000
3.000000 17.760000 -101.300000 6.300000
11.000000 52.260000 -168.840000 5.800000
122.000000 -0.160000 -78.600000 5.800000
3.000000 36.250000 1.610000 6.000000
41.000000 54.920000 167.870000 5.800000
